2 2
5 1 0 0
-10346.794922 -2366.000488 -1483.918091
1
-155.701889 -58.099957 -109.623688
-312.663300 -58.899960 28.131596
-496.848328 -58.899960 184.187805
-681.032532 -58.899960 340.243866
-865.216797 -58.899960 496.300079
-1009.624146 -71.299866 616.970703
31.662666 -57.699955 100.824638
-125.684769 -58.899960 242.109650
-309.884491 -58.899960 398.170929
-494.084686 -58.899960 554.231506
-678.286316 -58.899960 710.292236
-813.373352 -71.299866 827.420837
1 1 0 5
-10734.246094 -2508.999268 -1230.608765
1
2634.555908 0.000000 117.461067
211.902008 0.000000 -2649.502197
-452.350403 0.000000 2862.638672
-2883.906982 0.000000 25.173050
1 1 0 0
-10650.801758 -2662.000977 -1569.975220
0
-140.235229 -73.699326 -372.351685
573.641541 -73.299332 474.539063
-140.235229 226.300690 -372.351685
573.641541 226.700699 474.539063
1 1 0 0
-11291.360352 -2958.000488 -933.175842
0
512.470764 212.700241 667.380249
-445.564941 212.700241 -371.500641
512.470764 512.699707 667.380249
-445.564941 512.699707 -371.500641
