6
-10381.776367 -2424.900391 -1504.855713
-10308.020508 -2424.900391 -1420.457886
261731332
-10455.532227 -2424.900391 -1589.253418
261731332
0
-1
0
-10565.968750 -2424.900391 -1348.797485
-10492.219727 -2424.900391 -1264.398926
261730012
-10639.717773 -2424.900391 -1433.196045
261730012
0
-1
0
-10750.162109 -2424.900391 -1192.738770
-10676.418945 -2424.900391 -1108.338623
261732772
-10823.904297 -2424.900391 -1277.138672
261732772
0
-1
0
-10934.353516 -2424.900391 -1036.680420
-10860.617188 -2424.900391 -952.279175
261732892
-11008.089844 -2424.900391 -1121.081665
261732892
0
-1
0
-11118.546875 -2424.900391 -880.621948
-11044.817383 -2424.900391 -796.219482
261733012
-11192.275391 -2424.900391 -965.024353
261733012
0
-1
0
-11302.738281 -2441.500244 -724.563477
-11229.016602 -2441.500244 -640.160156
261729652
-11376.459961 -2441.500244 -808.966736
261729652
-1
-1
-1
-1
-1
-1
