122
-11249.411133 -2435.342285 -773.855286
-11171.083984 -2435.342285 -689.698669
299808716
-11327.738281 -2435.342285 -858.011902
299808716
0
-1
0
-11435.078125 -2435.642334 -625.028320
-11212.883789 -2435.642334 -368.552216
299806796
-11657.272461 -2435.642334 -881.504395
299806796
0
-1
0
-11679.115234 -2435.442383 -376.260101
-11424.609375 -2435.442383 30.276550
299805956
-11933.621094 -2435.442383 -782.796753
299805956
0
-1
0
-11953.448242 -2435.242188 -187.292969
-11787.971680 -2435.242188 237.484863
299808116
-12118.924805 -2435.242188 -612.070801
299808116
0
-1
0
-12277.130859 -2435.042480 -162.436584
-12296.070313 -2435.042480 97.960144
299806916
-12258.191406 -2435.042480 -422.833313
299806916
0
-1
0
-12626.060547 -2435.542480 -94.060341
-12679.590820 -2435.542480 234.270340
299808596
-12572.529297 -2435.542480 -422.391022
299808596
0
-1
0
-12857.682617 -2435.642334 -79.650986
-12897.414063 -2435.642334 298.591827
299807396
-12817.951172 -2435.642334 -457.893799
299807396
0
-1
0
-13100.273438 -2435.642334 -114.685211
-13200.119141 -2435.642334 274.550232
299808236
-13000.426758 -2435.642334 -503.920654
299808236
0
-1
0
-13254.226563 -2435.542480 -162.364227
-13406.970703 -2435.542480 241.835983
299808356
-13101.482422 -2435.542480 -566.564453
299808356
0
-1
0
-13427.262695 -2435.642334 -255.767197
-13611.365234 -2435.642334 152.034821
299807636
-13243.160156 -2435.642334 -663.569214
299807636
0
-1
0
-13592.710938 -2435.542480 -359.870239
-13807.832031 -2435.542480 29.777496
299808836
-13377.588867 -2435.542480 -749.517944
299808836
0
-1
0
-13802.133789 -2434.842285 -602.215942
-14071.089844 -2434.842285 -220.425476
299805836
-13533.177734 -2434.842285 -984.006470
299805836
0
-1
0
-13933.263672 -2435.342285 -792.160034
-14239.594727 -2435.342285 -427.167480
299807756
-13626.933594 -2435.342285 -1157.152588
299807756
0
-1
0
-14000.390625 -2435.642334 -964.433105
-14345.839844 -2435.642334 -588.760681
299806436
-13654.940430 -2435.642334 -1340.105469
299806436
0
-1
0
-14001.655273 -2435.542480 -1320.960449
-14427.667969 -2435.542480 -879.790527
299809436
-13575.642578 -2435.542480 -1762.130493
299809436
0
-1
0
-13924.224609 -2435.042480 -1914.651611
-14516.019531 -2435.042480 -1204.990479
299807876
-13332.428711 -2435.042480 -2624.312744
299807876
0
-1
0
-13824.576172 -2435.342285 -2478.228516
-14335.683594 -2435.342285 -1742.945801
299809196
-13313.468750 -2435.342285 -3213.510986
299809196
0
-1
0
-13899.085938 -2434.642578 -2894.525879
-14301.503906 -2434.642578 -2149.488281
299806196
-13496.666992 -2434.642578 -3639.563232
299806196
0
-1
0
-14240.897461 -2435.142334 -3405.992676
-14529.154297 -2435.142334 -2803.291748
299807996
-13952.640625 -2435.142334 -4008.693604
299807996
0
-1
0
-14810.341797 -2435.042480 -3631.954590
-15026.929688 -2435.042480 -2991.615723
299809316
-14593.753906 -2435.042480 -4272.293457
299809316
0
-1
0
-15426.359375 -2434.942383 -3530.526367
-15558.428711 -2434.942383 -2842.129639
299807036
-15294.289063 -2434.942383 -4218.923340
299807036
0
-1
0
-16096.525391 -2434.342285 -2942.269043
-16094.522461 -2434.342285 -2291.591064
299807156
-16098.528320 -2434.342285 -3592.947021
299807156
0
-1
0
-16758.464844 -2433.442383 -1989.932495
-16617.992188 -2433.442383 -1700.651611
299806676
-16898.935547 -2433.442383 -2279.213379
299806676
0
-1
0
-17225.546875 -2435.442383 -1722.524658
-17157.892578 -2435.442383 -1608.802490
299808476
-17293.201172 -2435.442383 -1836.246704
299808476
0
-1
0
-17455.083984 -2435.142334 -1516.189819
-17359.380859 -2435.142334 -1430.875000
299806316
-17550.787109 -2435.142334 -1601.504639
299806316
0
-1
0
-17652.351563 -2399.942383 -1301.960693
-17572.457031 -2399.942383 -1237.174316
299808956
-17732.248047 -2399.942383 -1366.746948
299808956
0
-1
0
-17772.822266 -2350.542480 -1125.069336
-17699.968750 -2350.542480 -1051.149536
299806076
-17845.675781 -2350.542480 -1198.989136
299806076
0
-1
0
-17878.695313 -2318.742188 -986.561523
-17803.083984 -2318.742188 -915.840210
299806556
-17954.308594 -2318.742188 -1057.282959
299806556
0
-1
0
-18025.996094 -2279.042480 -839.708740
-17938.644531 -2279.042480 -772.929993
299809556
-18113.347656 -2279.042480 -906.487549
299809556
0
-1
0
-18166.343750 -2261.541992 -700.832275
-18094.021484 -2261.541992 -589.149841
301651468
-18238.664063 -2261.541992 -812.514526
301651468
0
-1
0
-18227.617188 -2244.641602 -629.910645
-18141.587891 -2244.641602 -507.285583
301651828
-18313.648438 -2244.641602 -752.535828
301651828
0
-1
0
-18342.054688 -2240.041016 -546.336243
-18196.605469 -2240.041016 -453.333496
301648828
-18487.505859 -2240.041016 -639.339111
301648828
0
-1
0
-18527.628906 -2236.240723 -498.272278
-18312.759766 -2236.240723 -397.527985
301652068
-18742.500000 -2236.240723 -599.016663
301652068
0
-1
0
-18903.230469 -2227.640137 -518.503601
-18561.841797 -2227.640137 -386.715942
301650988
-19244.619141 -2227.640137 -650.291260
301650988
0
-1
0
-19248.599609 -2219.839600 -534.483154
-19071.156250 -2219.839600 -487.754120
301651228
-19426.042969 -2219.839600 -581.212158
301651228
0
-1
0
-19458.140625 -2215.539063 -456.550049
-19311.597656 -2215.539063 -431.178741
301649548
-19604.685547 -2215.539063 -481.921356
301649548
0
-1
0
-19646.218750 -2217.138672 -265.366272
-19525.378906 -2217.138672 -252.139801
301652188
-19767.056641 -2217.138672 -278.592743
301652188
0
-1
0
-19430.222656 -2210.937988 -120.300781
-19248.447266 -2210.937988 -111.277588
301652308
-19611.998047 -2210.937988 -129.323975
301652308
0
-1
0
-19206.210938 -2200.037598 11.159096
-19003.255859 -2200.037598 -9.013680
301649668
-19409.167969 -2200.037598 31.331871
301649668
0
-1
0
-18935.695313 -2195.737061 89.235474
-18664.660156 -2195.737061 31.695164
301649068
-19206.732422 -2195.737061 146.775787
301649068
0
-1
0
-18698.421875 -2193.736328 114.164276
-18367.517578 -2193.736328 17.053734
301649788
-19029.326172 -2193.736328 211.274780
301649788
0
-1
0
-18510.232422 -2184.936035 130.309143
-18266.900391 -2184.936035 24.441811
301649428
-18753.564453 -2184.936035 236.176483
301649428
0
-1
0
-18395.351563 -2177.635498 138.232239
-18239.853516 -2177.635498 31.102661
301651108
-18550.849609 -2177.635498 245.361832
301651108
0
-1
0
-18203.033203 -2160.534424 114.055878
-18116.935547 -2160.534424 20.966721
301651948
-18289.130859 -2160.534424 207.145020
301651948
0
-1
0
-17877.070313 -2098.130371 116.044495
-17826.710938 -2098.130371 10.047562
301650268
-17927.431641 -2098.130371 222.041595
301650268
0
-1
0
-17533.113281 -2025.426025 130.058624
-17462.582031 -2025.426025 21.455162
301650868
-17603.642578 -2025.426025 238.661911
301650868
0
-1
0
-17050.871094 -1945.221069 171.028931
-16900.156250 -1945.221069 64.592270
301651588
-17201.585938 -1945.221069 277.465576
301651588
0
-1
0
-16778.554688 -1927.119873 219.364594
-16537.044922 -1927.119873 133.099792
301649908
-17020.064453 -1927.119873 305.629395
301649908
0
-1
0
-16395.943359 -1919.319336 287.491760
-16221.404297 -1919.319336 255.541611
301648588
-16570.482422 -1919.319336 319.441925
301648588
0
-1
0
-16048.460938 -1917.219238 433.397217
-15921.962891 -1917.219238 420.980438
301648708
-16174.959961 -1917.219238 445.813995
301648708
0
-1
0
-16143.542969 -1948.121094 640.178223
-16046.847656 -1948.121094 643.338623
301650148
-16240.239258 -1948.121094 637.017883
301650148
0
-1
0
-16428.197266 -1971.722534 808.196411
-16264.734375 -1971.722534 839.563477
301650388
-16591.660156 -1971.722534 776.829407
301650388
0
-1
0
-16708.779297 -2016.525146 908.748657
-16509.500000 -2016.525146 960.798340
301648948
-16908.058594 -2016.525146 856.698975
301648948
0
-1
0
-16965.089844 -2106.630859 1061.169800
-16861.945313 -2106.630859 1117.366333
301650028
-17068.234375 -2106.630859 1004.973328
301650028
0
-1
0
-17178.382813 -2161.035156 1237.354492
-17077.015625 -2161.035156 1297.189453
301651348
-17279.750000 -2161.035156 1177.519531
301651348
0
-1
0
-17333.265625 -2192.440186 1386.420410
-17241.957031 -2192.440186 1436.353394
301651708
-17424.574219 -2192.440186 1336.487427
301651708
0
-1
0
-17433.894531 -2254.344727 1596.051636
-17333.076172 -2254.344727 1633.775879
301649188
-17534.714844 -2254.344727 1558.327271
301649188
0
-1
0
-17479.285156 -2295.149414 1792.812134
-17348.445313 -2295.149414 1839.107910
301649308
-17610.125000 -2295.149414 1746.516357
301649308
0
-1
0
-17542.816406 -2371.253662 2008.170166
-17366.945313 -2371.253662 2112.678467
301650508
-17718.687500 -2371.253662 1903.661987
301650508
0
-1
0
-17506.960938 -2403.042480 2174.647949
-17370.205078 -2403.042480 2135.366211
301650628
-17643.716797 -2403.042480 2213.929688
301650628
0
-1
0
-17533.458984 -2435.742432 2296.020508
-17418.404297 -2435.742432 2344.985352
301650748
-17648.513672 -2435.742432 2247.055664
301650748
0
-1
0
-17602.253906 -2439.842773 2617.857910
-17495.148438 -2439.842773 2721.550049
301652428
-17709.361328 -2439.842773 2514.165771
301652428
0
-1
0
-17717.488281 -2439.743164 2755.053223
-17642.125000 -2439.743164 2861.704590
264963084
-17792.851563 -2439.743164 2648.401855
264963084
0
-1
0
-17875.804688 -2439.543213 2819.489746
-17786.779297 -2439.543213 2934.206543
264962244
-17964.830078 -2439.543213 2704.772705
264962244
0
-1
0
-18068.658203 -2450.243652 2804.311035
-17969.572266 -2450.243652 2979.493164
264962364
-18167.744141 -2450.243652 2629.129150
264962364
0
-1
0
-18211.662109 -2466.043701 2738.484375
-18159.253906 -2466.043701 2912.873047
264960684
-18264.070313 -2466.043701 2564.095703
264960684
0
-1
0
-18355.738281 -2514.343994 2649.400391
-18307.681641 -2514.343994 2838.011230
264963204
-18403.794922 -2514.343994 2460.789307
264963204
0
-1
0
-18537.292969 -2522.944336 2519.627197
-18481.490234 -2522.944336 2676.038330
264963444
-18593.097656 -2522.944336 2363.216064
264963444
0
-1
0
-18724.062500 -2554.044434 2100.188721
-18607.927734 -2554.044434 2541.071289
264960204
-18840.195313 -2554.044434 1659.306274
264960204
0
-1
0
-18843.900391 -2568.044922 1929.685059
-18771.259766 -2568.044922 2309.325684
264961044
-18916.541016 -2568.044922 1550.044189
264961044
0
-1
0
-18943.089844 -2569.345459 1758.270020
-18892.539063 -2569.345459 2067.230713
264960324
-18993.640625 -2569.345459 1449.309204
264960324
0
-1
0
-18997.511719 -2569.445801 1666.177002
-18952.166016 -2569.445801 1931.350830
264963684
-19042.855469 -2569.445801 1401.003296
264963684
0
-1
0
-19137.101563 -2569.545898 1474.687500
-19140.333984 -2569.545898 1630.148315
264961884
-19133.871094 -2569.545898 1319.226685
264961884
0
-1
0
-19324.103516 -2605.246094 1327.858521
-19360.253906 -2605.246094 1442.631104
264962484
-19287.953125 -2605.246094 1213.085938
264962484
0
-1
0
-19517.429688 -2625.345947 1161.767700
-19575.742188 -2625.345947 1262.253540
264960444
-19459.117188 -2625.345947 1061.281982
264960444
0
-1
0
-19714.421875 -2671.946289 1009.884338
-19768.027344 -2671.946289 1094.132080
264963564
-19660.816406 -2671.946289 925.636597
264963564
0
-1
0
-19967.671875 -2719.146484 928.737366
-20014.312500 -2719.146484 1024.688354
264960804
-19921.029297 -2719.146484 832.786133
264960804
0
-1
0
-20289.451172 -2785.948242 900.077759
-20343.765625 -2785.948242 994.936218
264961164
-20235.136719 -2785.948242 805.219360
264961164
0
-1
0
-20593.128906 -2830.848145 877.213196
-20677.292969 -2830.848145 983.890625
264963804
-20508.964844 -2830.848145 770.535767
264963804
0
-1
0
-20914.718750 -2880.748779 760.896484
-21030.433594 -2880.748779 857.573730
264960564
-20799.003906 -2880.748779 664.219238
264960564
0
-1
0
-21144.796875 -2934.649414 563.966064
-21267.636719 -2934.649414 602.591797
264962004
-21021.955078 -2934.649414 525.340210
264962004
0
-1
0
-21331.041016 -3032.752930 275.045959
-21462.476563 -3032.752930 273.765228
264960924
-21199.605469 -3032.752930 276.326691
264960924
0
-1
0
-21358.402344 -3128.056152 -53.399780
-21488.914063 -3128.056152 -66.499893
264961524
-21227.890625 -3128.056152 -40.299675
264961524
0
-1
0
-21358.693359 -3129.258301 -325.151367
-21490.876953 -3129.258301 -353.499756
264961284
-21226.509766 -3129.258301 -296.802979
264961284
0
-1
0
-21284.292969 -3074.360352 -655.293457
-21416.710938 -3074.360352 -698.703247
264963324
-21151.875000 -3074.360352 -611.883667
264963324
0
-1
0
-21070.496094 -3074.062500 -1051.664307
-21248.964844 -3074.062500 -1104.349731
264961644
-20892.025391 -3074.062500 -998.978821
264961644
0
-1
0
-20936.074219 -3034.563721 -1356.252319
-21095.867188 -3034.563721 -1324.380493
264963924
-20776.281250 -3034.563721 -1388.124146
264963924
0
-1
0
-20805.445313 -3005.665771 -1627.935791
-20892.177734 -3005.665771 -1593.011841
264961404
-20718.710938 -3005.665771 -1662.859863
264961404
0
-1
0
-20940.484375 -3005.569336 -1894.257568
-21073.335938 -3005.569336 -1812.572998
264961764
-20807.630859 -3005.569336 -1975.942139
264961764
0
-1
0
-21443.941406 -3035.274658 -1885.879395
-21552.781250 -3035.274658 -1715.408569
264962124
-21335.101563 -3035.274658 -2056.350342
264962124
0
-1
0
-21705.812500 -3074.580566 -1881.678589
-21736.439453 -3074.580566 -1759.138916
264962604
-21675.183594 -3074.580566 -2004.218384
264962604
0
-1
0
-22027.302734 -3114.687012 -1895.805176
-22041.181641 -3114.687012 -1804.773315
264962724
-22013.423828 -3114.687012 -1986.837036
264962724
0
-1
0
-22341.472656 -3136.894043 -1908.790283
-22337.992188 -3136.894043 -1832.414917
264962844
-22344.953125 -3136.894043 -1985.165649
264962844
0
-1
0
-22720.863281 -3150.300781 -1918.588623
-22713.126953 -3150.300781 -1843.290405
264962964
-22728.601563 -3150.300781 -1993.886841
264962964
0
-1
0
-23048.626953 -3198.009521 -1896.296997
-23037.804688 -3198.009521 -1801.356323
264964044
-23059.449219 -3198.009521 -1991.237671
264964044
0
-1
0
-23301.578125 -3198.215332 -1801.540527
-23244.363281 -3198.215332 -1706.456421
264966348
-23358.794922 -3198.215332 -1896.624756
264966348
0
-1
0
-23516.359375 -3196.921143 -1629.348389
-23379.628906 -3196.921143 -1590.250366
264966588
-23653.089844 -3196.921143 -1668.446411
264966588
0
-1
0
-23642.589844 -3195.327148 -1465.571411
-23488.517578 -3195.327148 -1477.865479
264967668
-23796.662109 -3195.327148 -1453.277344
264967668
0
-1
0
-23813.212891 -3206.833496 -1226.792480
-23746.070313 -3206.833496 -1249.688477
264964428
-23880.355469 -3206.833496 -1203.896484
264964428
0
-1
0
-23627.472656 -3222.640137 -1062.208618
-23548.529297 -3222.640137 -1112.268799
264965748
-23706.416016 -3222.640137 -1012.148438
264965748
0
-1
0
-23341.617188 -3239.047363 -1080.819214
-23207.050781 -3239.047363 -1196.913940
264966228
-23476.183594 -3239.047363 -964.724487
264966228
0
-1
0
-23165.324219 -3258.654297 -1075.158325
-23078.029297 -3258.654297 -1181.786499
264965868
-23252.621094 -3258.654297 -968.529968
264965868
0
-1
0
-22978.890625 -3285.661865 -1013.422363
-22880.250000 -3285.661865 -1101.194946
264964308
-23077.529297 -3285.661865 -925.650024
264964308
0
-1
0
-22730.125000 -3284.167480 -814.489014
-22567.777344 -3284.167480 -867.383728
264964548
-22892.474609 -3284.167480 -761.594238
264964548
0
-1
0
-22616.085938 -3285.673584 -573.319946
-22423.156250 -3285.673584 -589.807800
264966108
-22809.015625 -3285.673584 -556.832092
264966108
0
-1
0
-22557.062500 -3285.179688 -153.924683
-22366.121094 -3285.179688 -126.925133
264964668
-22748.005859 -3285.179688 -180.924271
264964668
0
-1
0
-22671.593750 -3285.986084 225.760864
-22466.806641 -3285.986084 292.725494
264964788
-22876.380859 -3285.986084 158.796234
264964788
0
-1
0
-22870.320313 -3285.592285 510.892029
-22686.152344 -3285.592285 628.073547
264968028
-23054.488281 -3285.592285 393.710510
264968028
0
-1
0
-23141.988281 -3285.698730 774.591980
-22982.861328 -3285.698730 981.746643
264965628
-23301.115234 -3285.698730 567.437317
264965628
0
-1
0
-23419.099609 -3285.804932 900.838440
-23037.968750 -3285.804932 1389.185669
264966708
-23800.230469 -3285.804932 412.491180
264966708
0
-1
0
-23677.429688 -3286.111328 1082.775146
-23144.992188 -3286.111328 1771.280396
264964908
-24209.865234 -3286.111328 394.270081
264964908
0
-1
0
-23977.804688 -3285.717285 1434.850342
-23286.718750 -3285.717285 2128.320801
264965028
-24668.892578 -3285.717285 741.379944
264965028
0
-1
0
-24290.277344 -3285.723877 1907.006104
-23486.449219 -3285.723877 2462.098145
264967788
-25094.105469 -3285.723877 1351.914063
264967788
0
-1
0
-24481.261719 -3285.729980 2318.306641
-23766.708984 -3285.729980 2755.767578
264966468
-25195.814453 -3285.729980 1880.845947
264966468
0
-1
0
-24769.156250 -3315.236816 2790.482422
-24091.609375 -3315.236816 3126.104248
264965148
-25446.703125 -3315.236816 2454.860352
264965148
0
-1
0
-25027.556641 -3299.943359 3189.854736
-24479.095703 -3299.943359 3529.833252
264965268
-25576.017578 -3299.943359 2849.876221
264965268
0
-1
0
-25304.550781 -3438.956787 3567.809570
-24888.453125 -3438.956787 3836.591309
264965388
-25720.648438 -3438.956787 3299.028076
264965388
-1
-1
-1
-1
-1
-1
-1
-1
-1
-1
-1
-1
-1
-1
-1
-1
-1
-1
-1
-1
-1
-1
-1
-1
-1
-1
-1
-1
-1
-1
-1
-1
-1
-1
-1
-1
-1
-1
-1
-1
-1
-1
-1
-1
-1
-1
-1
-1
-1
-1
-1
-1
-1
-1
-1
-1
-1
-1
1
-1
1
-17835.015625 -2560.041992 2088.077637
-17762.085938 -2560.041992 2148.273193
264966948
-17907.943359 -2560.041992 2027.882080
264966948
0
-1
0
-17972.564453 -2558.441895 2243.357910
-17837.738281 -2558.441895 2393.433350
264966828
-18107.390625 -2558.441895 2093.282227
264966828
0
-1
0
-18140.185547 -2560.441895 2253.743408
-18018.775391 -2560.441895 2409.898682
264965508
-18261.595703 -2560.441895 2097.588135
264965508
0
-1
0
-18325.035156 -2551.741699 2257.717529
-18190.287109 -2551.741699 2454.631592
264967068
-18459.785156 -2551.741699 2060.803223
264967068
0
-1
0
-18499.173828 -2548.041992 2192.434326
-18422.751953 -2548.041992 2374.220459
264967428
-18575.595703 -2548.041992 2010.648193
264967428
0
0
68
1
-1
-1
-1
-1
-1
-1
-1
-1
-1
-1
-1
-1
-1
-1
-1
-1
-1
-1
-1
-1
-1
-1
-1
-1
-1
-1
-1
-1
-1
-1
-1
-1
-1
-1
-1
-1
-1
-1
-1
-1
-1
-1
-1
-1
-1
-1
-1
-1
-1
-1
-1
-1
-1
-1
-1
-1
-1
-1
-1
-1
-1
-1
-1
-1
