151
-4.324530 -109.800003 -12.492355
-4.335352 -109.800003 71.314163
271312140
-4.313707 -109.800003 -96.298874
271312140
0
-1
0
-487.857269 -109.800003 -11.509857
-489.152771 -109.800003 74.510040
271312620
-486.561737 -109.800003 -97.529755
271312620
0
-1
0
-681.042725 -106.800003 22.917389
-656.971619 -106.800003 103.039772
271312740
-705.113831 -106.800003 -57.204987
271312740
0
-1
0
-882.834167 -109.599998 89.188927
-840.602905 -109.599998 162.242950
271313100
-925.065430 -109.599998 16.134888
271313100
0
-1
0
-1008.030945 -109.799995 161.010818
-956.284729 -109.799995 228.692123
271313220
-1059.777100 -109.799995 93.329514
271313220
0
-1
0
-1133.196289 -109.199997 265.700806
-1072.745850 -109.199997 324.135620
271313460
-1193.646729 -109.199997 207.266006
271313460
0
-1
0
-1267.220703 -109.699989 369.465271
-1197.995239 -109.699989 450.758942
271313580
-1336.446045 -109.699989 288.171570
271313580
0
-1
0
-1466.628174 -109.899979 519.640320
-1450.448730 -109.899979 611.141235
271313700
-1482.807739 -109.899979 428.139404
271313700
0
-1
0
-1706.531982 -109.799973 556.539246
-1713.294312 -109.799973 643.962341
271313820
-1699.769775 -109.799973 469.116150
271313820
0
-1
0
-1886.331299 -109.699966 513.833252
-1908.748291 -109.699966 603.667236
271313940
-1863.914429 -109.699966 423.999329
271313940
0
-1
0
-2031.183350 -109.899963 388.427246
-2083.282715 -109.899963 477.811523
271314180
-1979.083984 -109.899963 299.042938
271314180
0
-1
0
-2202.137207 -128.000000 242.416016
-2292.086426 -128.000000 305.409363
272327108
-2112.188232 -128.000000 179.422699
272327108
0
-1
0
-2405.778076 -164.999527 55.942066
-2470.853516 -164.999527 110.943069
272327228
-2340.702637 -164.999527 0.941055
272327228
0
-1
0
-2620.581543 -202.599030 -116.280289
-2648.336426 -202.599030 -36.498253
272325428
-2592.826660 -202.599030 -196.062347
272325428
0
-1
0
-2845.920654 -181.299438 -115.376198
-2836.010010 -181.299438 -29.981911
272327468
-2855.831299 -181.299438 -200.770477
272327468
0
-1
0
-3076.211670 -180.899796 -155.991852
-3072.648438 -180.899796 -38.958755
272327348
-3079.774902 -180.899796 -273.024963
272327348
0
-1
0
-3228.555176 -143.300125 -153.665771
-3239.937744 -143.300125 -25.784531
272327588
-3217.172852 -143.300125 -281.546997
272327588
0
-1
0
-3372.546875 -109.300461 -110.469269
-3426.121582 -109.300461 19.401489
272327828
-3318.972412 -109.300461 -240.340027
272327828
0
-1
0
-3554.174316 -92.100800 -111.631500
-3625.420410 -92.100800 -17.506836
272326388
-3482.928223 -92.100800 -205.756165
272326388
0
-1
0
-3699.876953 -71.601013 -189.019867
-3783.510986 -71.601013 -126.059479
272325908
-3616.243164 -71.601013 -251.980255
272325908
0
-1
0
-3826.214844 -53.201202 -325.591187
-3926.613770 -53.201202 -285.804260
272327708
-3725.815918 -53.201202 -365.378082
272327708
0
-1
0
-3831.318848 -43.201283 -562.540039
-3997.265625 -43.201283 -566.413391
272326748
-3665.371826 -43.201283 -558.666687
272326748
0
-1
0
-3724.965820 -57.001064 -756.180420
-3875.477295 -57.001064 -846.515015
272325548
-3574.454102 -57.001064 -665.845764
272325548
0
-1
0
-3544.045410 -84.800797 -825.318115
-3634.486816 -84.800797 -947.099365
272328788
-3453.603760 -84.800797 -703.536926
272328788
0
-1
0
-3440.355957 -109.300537 -913.095581
-3516.105713 -109.300537 -1023.937073
272328068
-3364.606445 -109.300537 -802.254028
272328068
0
-1
0
-3368.266113 -109.900223 -1105.168823
-3440.842041 -109.900223 -1151.184692
272328188
-3295.690430 -109.900223 -1059.152954
272328188
0
-1
0
-3300.418457 -109.599899 -1266.997681
-3385.866211 -109.599899 -1277.014648
272327948
-3214.970459 -109.599899 -1256.980713
272327948
0
-1
0
-3342.805664 -109.899582 -1460.406006
-3427.240479 -109.899582 -1444.577148
272325068
-3258.371094 -109.899582 -1476.234863
272325068
0
-1
0
-3347.926025 -109.599258 -1622.216309
-3427.983887 -109.599258 -1592.610840
272326868
-3267.868164 -109.599258 -1651.821777
272326868
0
-1
0
-3364.165527 -109.398941 -1787.426025
-3446.061523 -109.398941 -1767.203247
272326988
-3282.269775 -109.398941 -1807.648804
272326988
0
-1
0
-3345.390381 -109.798615 -1976.752319
-3429.943115 -109.798615 -1970.139648
272328308
-3260.837646 -109.798615 -1983.364990
272328308
0
-1
0
-3325.758301 -79.998260 -2152.044434
-3405.153564 -79.998260 -2180.723633
272325668
-3246.362793 -79.998260 -2123.365234
272325668
0
-1
0
-3230.886963 -79.997940 -2346.858887
-3306.675049 -79.997940 -2383.542480
272326268
-3155.098877 -79.997940 -2310.175293
272326268
0
-1
0
-3109.643799 -96.497322 -2552.040527
-3168.913574 -96.497322 -2614.150635
272325308
-3050.374023 -96.497322 -2489.930420
272325308
0
-1
0
-2908.634277 -102.896683 -2691.017334
-2925.502930 -102.896683 -2772.508545
272328428
-2891.765381 -102.896683 -2609.526123
272328428
0
-1
0
-2764.830566 -115.696083 -2731.349121
-2772.303223 -115.696083 -2817.202637
272328548
-2757.357666 -115.696083 -2645.495361
272328548
0
-1
0
-2425.976318 -148.095764 -2789.821289
-2419.919434 -148.095764 -2873.348145
272325788
-2432.033203 -148.095764 -2706.294678
272325788
0
-1
0
-2150.667725 -170.295807 -2791.228516
-2144.446289 -170.295807 -2875.534180
272326028
-2156.889160 -170.295807 -2706.922852
272326028
0
-1
0
-1880.729248 -175.495987 -2709.399414
-1851.098389 -175.495987 -2787.729980
272328668
-1910.360107 -175.495987 -2631.068604
272328668
0
-1
0
-1648.808350 -132.896118 -2602.177734
-1584.423340 -132.896118 -2671.243896
272325188
-1713.193481 -132.896118 -2533.111572
272325188
0
-1
0
-1333.788574 -129.296326 -2410.775879
-1331.046997 -129.296326 -2510.829346
272326148
-1336.530151 -129.296326 -2310.722168
272326148
0
-1
0
-1105.866211 -109.895164 -2308.070557
-1075.261108 -109.895164 -2387.540039
272326628
-1136.471436 -109.895164 -2228.601074
272326628
0
-1
0
-917.880005 -109.794022 -2210.969238
-901.104614 -109.794022 -2295.115967
272326508
-934.655334 -109.794022 -2126.822510
272326508
0
-1
0
-655.630737 -109.392883 -2211.892578
-687.176208 -109.392883 -2310.574463
272328908
-624.085327 -109.392883 -2113.210693
272328908
0
-1
0
-494.251465 -109.791733 -2223.884277
-572.499390 -109.791733 -2303.612549
272920172
-416.003540 -109.791733 -2144.156006
272920172
0
-1
0
-407.706818 -109.590591 -2262.413574
-485.371826 -109.590591 -2338.999023
272919452
-330.041809 -109.590591 -2185.828125
272919452
0
-1
0
-256.595825 -109.889450 -2338.637207
-297.219666 -109.889450 -2432.897217
272920892
-215.971954 -109.889450 -2244.376953
272920892
0
-1
0
-128.835495 -109.288315 -2422.911133
-176.231842 -109.288315 -2504.838623
272920532
-81.439163 -109.288315 -2340.983643
272920532
0
-1
0
8.019833 -109.787170 -2550.772461
-55.222160 -109.787170 -2615.168457
272919692
71.261864 -109.787170 -2486.376221
272919692
0
-1
0
90.492188 -108.586021 -2718.858398
9.262238 -108.586021 -2752.772217
272920052
171.722153 -108.586021 -2684.944580
272920052
0
-1
0
131.064590 -109.384872 -2950.198730
44.178123 -109.384872 -2940.574951
272921852
217.951050 -109.384872 -2959.822266
272921852
0
-1
0
115.202919 -108.683731 -3179.951660
30.456993 -108.683731 -3150.281250
272922092
199.948837 -108.683731 -3209.621826
272922092
0
-1
0
16.991096 -109.882584 -3380.713623
-43.468098 -109.882584 -3308.317871
272922212
77.450294 -109.882584 -3453.109375
272922212
0
-1
0
-133.543045 -109.881439 -3501.990234
-174.586273 -109.881439 -3409.897949
272922572
-92.499817 -109.881439 -3594.082520
272922572
0
-1
0
-250.651093 -109.680290 -3556.766602
-270.186127 -109.680290 -3471.086426
272919812
-231.116028 -109.680290 -3642.447021
272919812
0
-1
0
-366.248505 -109.879143 -3577.592285
-365.723572 -109.879143 -3500.957520
272919572
-366.773438 -109.879143 -3654.226807
272919572
0
-1
0
-469.780273 -107.477997 -3580.773926
-482.831787 -107.477997 -3495.548096
272922332
-456.728760 -107.477997 -3665.999512
272922332
0
-1
0
-669.289673 -109.776848 -3553.789063
-678.390381 -109.776848 -3469.177979
272921972
-660.188904 -109.776848 -3638.400391
272921972
0
-1
0
-837.550354 -106.875694 -3527.665527
-859.167908 -106.875694 -3445.194580
272921012
-815.932800 -106.875694 -3610.136475
272921012
0
-1
0
-994.533081 -120.474533 -3531.481934
-1040.829834 -120.474533 -3459.622803
272922452
-948.236328 -120.474533 -3603.341309
272922452
0
-1
0
-1250.639160 -134.573364 -3609.799072
-1295.616577 -134.573364 -3537.746826
272921252
-1205.661865 -134.573364 -3681.851318
272921252
0
-1
0
-1325.444214 -125.172134 -3676.773438
-1375.722534 -125.172134 -3607.464844
272920292
-1275.165894 -125.172134 -3746.081787
272920292
0
-1
0
-1410.337891 -89.670876 -3780.324463
-1472.784058 -89.670876 -3725.211426
272921132
-1347.891846 -89.670876 -3835.437500
272921132
0
-1
0
-1495.363525 -50.369530 -3909.975098
-1538.866211 -50.369530 -3868.962158
272920412
-1451.860962 -50.369530 -3950.988037
272920412
0
-1
0
-1570.543945 -109.367828 -4045.597656
-1609.403564 -109.367828 -4023.913330
272922932
-1531.684326 -109.367828 -4067.281738
272922932
0
-1
0
-1643.459351 -167.566010 -4231.361328
-1703.874146 -167.566010 -4210.712402
272922692
-1583.044556 -167.566010 -4252.009766
272922692
0
-1
0
-1717.860596 -177.864258 -4394.825684
-1792.009644 -177.864258 -4394.487793
272922812
-1643.711426 -177.864258 -4395.163574
272922812
0
-1
0
-1765.851807 -189.562332 -4516.437500
-1839.918091 -189.562332 -4509.518555
272919212
-1691.785522 -189.562332 -4523.356445
272919212
0
-1
0
-1815.364990 -216.160416 -4646.542480
-1881.531372 -216.160416 -4632.766602
272920652
-1749.198730 -216.160416 -4660.318359
272920652
0
-1
0
-1888.050781 -233.658478 -4797.827148
-1949.947998 -233.658478 -4771.069336
272920772
-1826.153564 -233.658478 -4824.584473
272920772
0
-1
0
-1949.771240 -256.256683 -4886.173828
-1997.996826 -256.256683 -4842.703125
272919932
-1901.545776 -256.256683 -4929.644043
272919932
0
-1
0
-2034.604980 -269.454742 -4946.717285
-2068.424072 -269.454742 -4894.002441
272921372
-2000.785889 -269.454742 -4999.432129
272921372
0
-1
0
-2157.494385 -293.352905 -5009.256836
-2177.656494 -293.352905 -4948.941895
272921492
-2137.332275 -293.352905 -5069.571289
272921492
0
-1
0
-2306.843994 -317.450897 -5043.722656
-2303.641357 -317.450897 -4981.539551
272921612
-2310.046631 -317.450897 -5105.905273
272921612
0
-1
0
-2492.802246 -335.048950 -5014.592773
-2478.511475 -335.048950 -4952.735352
272919332
-2507.093262 -335.048950 -5076.450195
272919332
0
-1
0
-2744.282227 -375.347260 -4985.904785
-2742.979248 -375.347260 -4916.266602
272921732
-2745.585449 -375.347260 -5055.542969
272921732
0
-1
0
-3021.440430 -415.346069 -4949.125977
-3032.447021 -415.346069 -4890.371582
272923052
-3010.433838 -415.346069 -5007.879883
272923052
0
-1
0
-3354.997559 -470.244690 -4918.109863
-3350.692627 -470.244690 -4863.882324
272447532
-3359.302490 -470.244690 -4972.337402
272447532
0
-1
0
-3601.214355 -506.643890 -4809.393066
-3584.589355 -506.643890 -4734.162109
272446332
-3617.839600 -506.643890 -4884.624023
272446332
0
-1
0
-3868.564941 -506.842102 -4472.645508
-3849.699707 -506.842102 -4387.277832
272444052
-3887.429932 -506.842102 -4558.013672
272444052
0
-1
0
-4161.875488 -506.740356 -4346.650391
-4158.441895 -506.740356 -4267.153809
272447652
-4165.309082 -506.740356 -4426.147461
272447652
0
-1
0
-4509.800293 -506.638550 -4431.937500
-4536.172363 -506.638550 -4333.944824
272443932
-4483.428223 -506.638550 -4529.929688
272443932
0
-1
0
-4671.418457 -506.236725 -4666.252930
-4730.581055 -506.236725 -4513.032227
272446092
-4612.255859 -506.236725 -4819.473633
272446092
0
-1
0
-4754.772949 -544.638367 -4886.689453
-4848.511230 -544.638367 -4797.200684
272444172
-4661.034668 -544.638367 -4976.177734
272444172
0
-1
0
-4809.893555 -729.237183 -4958.192383
-4885.061035 -729.237183 -4885.854004
272446452
-4734.725586 -729.237183 -5030.531250
272446452
0
-1
0
-4981.538086 -788.034485 -5225.750488
-5057.113770 -788.034485 -5156.639648
272444292
-4905.962891 -788.034485 -5294.861328
272444292
0
-1
0
-5167.648438 -934.432739 -5506.070801
-5240.020020 -934.432739 -5455.426270
272444772
-5095.276367 -934.432739 -5556.715332
272444772
0
-1
0
-5425.951172 -1124.333252 -5873.862305
-5510.026367 -1124.333252 -5834.505859
272447052
-5341.876465 -1124.333252 -5913.218262
272447052
0
-1
0
-5580.562500 -1224.838867 -6065.768066
-5664.548828 -1224.838867 -5986.924316
272445012
-5496.575684 -1224.838867 -6144.611816
272445012
0
-1
0
-5769.311523 -1429.441162 -6265.917480
-5877.254883 -1429.441162 -6143.988770
272446572
-5661.368164 -1429.441162 -6387.846191
272446572
0
-1
0
-5956.093750 -1635.643555 -6456.533691
-6058.202637 -1635.643555 -6294.384766
272446212
-5853.984863 -1635.643555 -6618.682617
272446212
0
-1
0
-6201.130859 -1742.251831 -6893.770508
-6333.077148 -1742.251831 -6861.916504
272445492
-6069.184082 -1742.251831 -6925.625000
272445492
0
-1
0
-6356.849609 -1741.668457 -7042.914063
-6416.446777 -1741.668457 -6981.598145
272445132
-6297.251953 -1741.668457 -7104.230469
272445132
0
-1
0
-6764.979492 -1740.883179 -7349.615234
-6820.037598 -1740.883179 -7282.620605
272446692
-6709.920898 -1740.883179 -7416.609375
272446692
0
-1
0
-7234.763672 -1665.302002 -7677.451660
-7257.215332 -1665.302002 -7590.524902
272444412
-7212.312012 -1665.302002 -7764.378418
272444412
0
-1
0
-7608.003906 -1614.419800 -7616.884766
-7593.715332 -1614.419800 -7534.513672
272446812
-7622.292480 -1614.419800 -7699.255859
272446812
0
-1
0
-7987.460449 -1571.335693 -7501.182617
-7953.851563 -1571.335693 -7420.565430
272445732
-8021.069336 -1571.335693 -7581.799805
272445732
0
-1
0
-8295.011719 -1590.636475 -7279.909668
-8252.057617 -1590.636475 -7204.738281
272445852
-8337.966797 -1590.636475 -7355.081055
272445852
0
-1
0
-8546.281250 -1619.634766 -7124.465820
-8483.845703 -1619.634766 -7065.417480
272444892
-8608.717773 -1619.634766 -7183.513672
272444892
0
-1
0
-8999.712891 -1777.225220 -6635.931641
-8938.590820 -1777.225220 -6592.977539
272445612
-9060.833984 -1777.225220 -6678.885742
272445612
0
-1
0
-9314.714844 -1856.117920 -6251.708984
-9231.626953 -1856.117920 -6216.388184
272444532
-9397.800781 -1856.117920 -6287.029297
272444532
0
-1
0
-9212.402344 -1877.618896 -6027.163086
-9114.014648 -1877.618896 -5978.394043
272446932
-9310.789063 -1877.618896 -6075.932129
272446932
0
-1
0
-9189.541016 -1875.925537 -5789.615234
-9091.210938 -1875.925537 -5762.777344
272447172
-9287.871094 -1875.925537 -5816.453125
272447172
0
-1
0
-9171.703125 -1860.228882 -5680.322266
-9073.145508 -1860.228882 -5660.180664
272447292
-9270.260742 -1860.228882 -5700.464355
272447292
0
-1
0
-9108.646484 -1847.231689 -5350.497070
-9006.681641 -1847.231689 -5359.853516
272445252
-9210.612305 -1847.231689 -5341.140137
272445252
0
-1
0
-9125.427734 -2215.007813 -5351.553223
-9023.772461 -2215.007813 -5362.086426
272447412
-9227.082031 -2215.007813 -5341.020020
272447412
0
-1
0
-9071.919922 -2217.009277 -5137.778809
-8967.336914 -2217.009277 -5154.000977
272445972
-9176.502930 -2217.009277 -5121.556641
272445972
0
-1
0
-9046.782227 -2217.511230 -4997.398438
-8942.551758 -2217.511230 -5034.734863
272444652
-9151.013672 -2217.511230 -4960.061523
272444652
0
-1
0
-8992.597656 -2234.409668 -4495.708008
-8862.165039 -2234.409668 -4504.778320
272445372
-9123.031250 -2234.409668 -4486.637695
272445372
0
-1
0
-8907.605469 -2234.106445 -4172.470703
-8822.897461 -2234.106445 -4225.733887
272447772
-8992.314453 -2234.106445 -4119.207520
272447772
0
-1
0
-8658.084961 -2206.103516 -3973.103516
-8610.500000 -2206.103516 -4042.788086
306757628
-8705.669922 -2206.103516 -3903.419189
306757628
0
-1
0
-8396.083984 -2223.294189 -3816.026611
-8338.382813 -2223.294189 -3891.082275
306757868
-8453.784180 -2223.294189 -3740.971191
306757868
0
-1
0
-8149.377930 -2220.282227 -3812.488281
-8176.432129 -2220.282227 -3892.470947
306758468
-8122.324219 -2220.282227 -3732.506104
306758468
0
-1
0
-8017.514648 -2220.569336 -3817.786621
-8030.115723 -2220.569336 -3903.494385
306757748
-8004.913086 -2220.569336 -3732.079102
306757748
0
-1
0
-7826.079102 -2230.154297 -3831.274170
-7811.077637 -2230.154297 -3924.671631
306756308
-7841.080078 -2230.154297 -3737.876709
306756308
0
-1
0
-7639.430664 -2270.931641 -3793.023438
-7587.587402 -2270.931641 -3861.066162
306758828
-7691.273438 -2270.931641 -3724.980713
306758828
0
-1
0
-7493.350586 -2332.604004 -3709.646973
-7418.264160 -2332.604004 -3765.591309
306757988
-7568.437012 -2332.604004 -3653.702637
306757988
0
-1
0
-7411.736816 -2371.681641 -3577.228760
-7320.137695 -2371.681641 -3607.000732
306755828
-7503.335938 -2371.681641 -3547.456787
306755828
0
-1
0
-7394.948242 -2417.757813 -3476.860596
-7300.491211 -2417.757813 -3495.509766
306755948
-7489.405273 -2417.757813 -3458.211426
306755948
0
-1
0
-7436.237305 -2448.433105 -3340.113770
-7345.019043 -2448.433105 -3290.823975
306756428
-7527.455566 -2448.433105 -3389.403320
306756428
0
-1
0
-7568.180176 -2454.714111 -3239.740723
-7524.644043 -2454.714111 -3156.640381
306756548
-7611.716309 -2454.714111 -3322.841064
306756548
0
-1
0
-8020.658203 -2459.796631 -3158.812988
-8025.366699 -2459.796631 -3044.875000
306758948
-8015.949707 -2459.796631 -3272.750732
306758948
0
-1
0
-8280.726563 -2469.578125 -3221.570313
-8304.248047 -2469.578125 -3101.906738
306758588
-8257.206055 -2469.578125 -3341.234131
306758588
0
-1
0
-8503.772461 -2498.154785 -3206.093750
-8518.091797 -2498.154785 -3079.462891
306758108
-8489.453125 -2498.154785 -3332.724854
306758108
0
-1
0
-8809.297852 -2470.333984 -3038.986328
-8739.873047 -2470.333984 -2922.089355
306759068
-8878.722656 -2470.333984 -3155.883301
306759068
0
-1
0
-8986.074219 -2460.309082 -2919.424561
-8941.710938 -2460.309082 -2848.548584
306755348
-9030.436523 -2460.309082 -2990.300537
306755348
0
-1
0
-9379.330078 -2429.686523 -2570.824219
-9313.022461 -2429.686523 -2518.422607
306758228
-9445.636719 -2429.686523 -2623.225830
306758228
0
-1
0
-9616.660156 -2417.958984 -2336.761719
-9541.792969 -2417.958984 -2249.611328
306758348
-9691.526367 -2417.958984 -2423.911621
306758348
0
-1
0
-9729.210938 -2428.826172 -2189.185547
-9394.295898 -2428.826172 -1852.242432
306755468
-10064.125977 -2428.826172 -2526.128906
306755468
0
-1
0
-9884.971680 -2466.586914 -2028.428467
-9445.179688 -2466.586914 -1601.349121
306755588
-10324.763672 -2466.586914 -2455.507813
306755588
0
-1
0
-10057.376953 -2451.749756 -1868.745728
-9540.416016 -2451.749756 -1382.721924
306758708
-10574.338867 -2451.749756 -2354.769531
306758708
0
-1
0
-10289.480469 -2423.515869 -1715.494507
-9802.646484 -2423.515869 -1234.717407
306755708
-10776.313477 -2423.515869 -2196.271484
306755708
0
-1
0
-10507.228516 -2409.278564 -1543.552368
-10165.540039 -2409.278564 -1214.157959
306757028
-10848.916992 -2409.278564 -1872.946777
306757028
-1
-1
-1
-1
-1
-1
-1
-1
-1
-1
-1
-1
-1
-1
-1
-1
-1
-1
-1
-1
-1
-1
-1
-1
-1
-1
-1
-1
-1
-1
-1
-1
-1
-1
-1
-1
-1
-1
-1
-1
-1
-1
1
-1
1
-6213.119141 -1740.887939 -6559.032227
-6080.018555 -1740.887939 -6287.945801
306756068
-6346.220215 -1740.887939 -6830.118652
306756068
0
-1
0
-6365.358398 -1763.489014 -6461.711914
-6262.262695 -1763.489014 -6248.519043
306757268
-6468.454590 -1763.489014 -6674.904785
306757268
0
-1
0
-6509.088867 -1729.986328 -6358.066406
-6422.553223 -1729.986328 -6221.397461
306756788
-6595.624023 -1729.986328 -6494.735840
306756788
0
-1
0
-6607.562988 -1731.786743 -6263.083984
-6485.348633 -1731.786743 -6197.520508
306756908
-6729.777344 -1731.786743 -6328.646973
306756908
0
-1
0
-6710.731445 -1741.387451 -6061.508789
-6596.670898 -1741.387451 -6000.726074
306757508
-6824.791992 -1741.387451 -6122.291504
306757508
0
-1
0
-6876.056641 -1740.788818 -5816.868164
-6795.213379 -1740.788818 -5785.060547
306757148
-6956.900391 -1740.788818 -5848.676270
306757148
0
-1
0
-7112.338379 -1741.690308 -5618.604492
-7044.809570 -1741.690308 -5563.452148
306756188
-7179.867188 -1741.690308 -5673.756836
306756188
0
-1
0
-7371.508789 -1777.493042 -5535.307617
-7330.468750 -1777.493042 -5454.085449
306757388
-7412.548340 -1777.493042 -5616.530273
306757388
0
-1
0
-7701.307617 -1806.594971 -5476.516602
-7656.043945 -1806.594971 -5404.306152
306759188
-7746.571289 -1806.594971 -5548.726563
306759188
0
-1
0
-7997.042969 -1908.598511 -5387.084473
-7938.157227 -1908.598511 -5328.726563
23635668
-8055.928223 -1908.598511 -5445.442383
23635668
0
-1
0
-8038.865234 -1892.500732 -5359.865234
-7954.693359 -1892.500732 -5303.308594
23638308
-8123.037598 -1892.500732 -5416.421875
23638308
0
-1
0
-8084.867676 -1881.403198 -5336.279785
-8020.129883 -1881.403198 -5275.966309
23636988
-8149.605469 -1881.403198 -5396.593262
23636988
0
-1
0
-8495.546875 -1928.108643 -5073.992188
-8439.728516 -1928.108643 -5008.640625
23636028
-8551.364258 -1928.108643 -5139.343750
23636028
0
-1
0
-8505.380859 -2217.415039 -5108.631836
-8449.378906 -2217.415039 -5031.396973
23634588
-8561.383789 -2217.415039 -5185.866211
23634588
0
-1
0
-8632.531250 -2217.239014 -4962.175781
-8599.624023 -2217.239014 -4859.191895
23635548
-8665.439453 -2217.239014 -5065.160156
23635548
0
-1
0
-8766.114258 -2259.861328 -4837.237305
-8756.958984 -2259.861328 -4662.355957
23637588
-8775.269531 -2259.861328 -5012.119141
23637588
0
-1
0
-8873.914063 -2226.488037 -4777.375488
-8836.603516 -2226.488037 -4533.774414
23637708
-8911.223633 -2226.488037 -5020.976563
23637708
0
0
108
1
-1
-1
-1
-1
-1
-1
-1
-1
-1
-1
-1
-1
-1
-1
-1
-1
-1
-1
-1
-1
-1
-1
-1
-1
-1
-1
-1
-1
-1
-1
-1
-1
-1
-1
-1
-1
-1
-1
-1
-1
-1
-1
-1
-1
-1
-1
-1
-1
-1
-1
-1
-1
-1
-1
-1
-1
-1
-1
-1
-1
-1
-1
-1
-1
-1
-1
-1
-1
-1
-1
-1
-1
-1
-1
-1
-1
-1
-1
-1
-1
-1
-1
-1
-1
-1
-1
-1
-1
-1
-1
-1
-1
-1
-1
-1
-1
-1
-1
-1
-1
-1
-1
-1
-1
-1
-1
-1
-1
