2 0
5 1 0 0
-10346.794922 -2366.000488 -1483.918091
1
-155.701889 -58.099957 -109.623688
-312.663300 -58.899960 28.131596
-496.848328 -58.899960 184.187805
-681.032532 -58.899960 340.243866
-865.216797 -58.899960 496.300079
-1009.624146 -71.299866 616.970703
31.662666 -57.699955 100.824638
-125.684769 -58.899960 242.109650
-309.884491 -58.899960 398.170929
-494.084686 -58.899960 554.231506
-678.286316 -58.899960 710.292236
-813.373352 -71.299866 827.420837
1 1 0 5
-10734.246094 -2508.999268 -1230.608765
1
918.991821 0.000000 99.711113
3.848521 0.000000 -945.487854
-247.067505 0.000000 1136.680054
-1165.573853 0.000000 64.849785
