2 0
5 1 0 0
-10346.794922 -2366.000488 -1483.918091
1
-162.010925 -58.099957 -103.393456
-312.663300 -58.899960 28.131596
-496.848328 -58.899960 184.187805
-681.032532 -58.899960 340.243866
-865.216797 -58.899960 496.300079
-1003.315369 -71.299866 610.740662
25.021673 -57.699955 107.382713
-125.684769 -58.899960 242.109650
-309.884491 -58.899960 398.170929
-494.084686 -58.899960 554.231506
-678.286316 -58.899960 710.292236
-806.400269 -71.299866 820.534851
1 1 0 5
-10734.246094 -2508.999268 -1230.608765
1
918.991821 0.000000 99.711113
3.848521 0.000000 -945.487854
-247.067505 0.000000 1136.680054
-1165.573853 0.000000 64.849785
