15 13
133 1 0 0
-12.440030 -110.000000 -118.987244
1
8.130198 0.000000 -7.311628
-473.669952 0.200000 -8.539105
-701.305542 4.000001 33.050858
-927.639709 0.800005 109.149612
-1065.558350 0.400009 188.484314
-1202.776489 1.400013 305.402710
-1343.455933 1.000017 384.318085
-1493.312622 1.600026 417.370239
-1672.066040 -0.399965 390.773346
-1807.638184 -1.999956 367.317719
-1922.526855 3.000055 342.341370
-2075.175049 3.400065 281.200745
-2305.350098 -40.198910 100.562950
-2570.529541 -91.397690 -105.409485
-2846.849854 -74.597504 -111.583221
-3068.248047 -69.997253 -184.023804
-3201.015869 -25.996876 -204.324356
-3256.681641 1.003505 -242.197403
-3328.199463 -11.596144 -274.749329
-3372.127930 -2.995774 -307.401764
-3415.485596 5.604596 -364.441071
-3443.898193 11.404969 -434.800781
-3426.417969 8.005351 -465.476196
-3393.924561 1.005733 -520.941772
-3335.239502 0.406113 -658.498291
-3257.914063 0.206492 -924.101379
-3172.734619 0.606871 -1134.500610
-3216.444824 0.007250 -1362.775513
-3227.290527 0.207628 -1543.239746
-3240.704590 0.408007 -1695.853638
-3218.489014 0.208386 -1866.716919
-3205.707275 28.208801 -1994.186157
-3115.655762 42.809307 -2178.117676
-3017.222900 28.810402 -2349.239502
-2873.244385 21.811523 -2461.161621
-2742.316406 1.812659 -2496.621094
-2421.762939 -36.986786 -2557.385986
-2146.656982 -56.386944 -2558.016846
-1908.534302 -72.587013 -2484.021729
-1721.209961 1.012863 -2392.180420
-1324.911865 -11.187429 -2161.746094
-1134.812988 0.214293 -2081.618164
-928.080688 0.216019 -1978.414185
-602.510681 0.617746 -1965.648071
-382.550018 0.019472 -2003.757690
-296.240631 0.621198 -2045.776611
-191.658401 0.222925 -2097.839355
-53.976433 5.024652 -2196.028809
104.722427 -11.373610 -2345.984863
211.846252 -10.571835 -2554.398926
260.208740 -6.770061 -2844.137695
240.703659 1.631712 -3100.547852
109.120132 3.233491 -3357.148438
-67.847481 0.035270 -3502.497070
-212.007156 0.437050 -3552.708984
-354.538910 0.238829 -3565.238770
-439.747437 0.040608 -3576.666504
-644.540649 0.242388 -3549.240967
-795.886047 6.044166 -3520.168701
-919.548462 -15.554040 -3509.573242
-1177.335815 -33.552231 -3588.312744
-1245.109985 -22.150311 -3651.377930
-1312.959106 6.451603 -3736.301514
-1417.592285 49.453571 -3852.580078
-1493.046875 0.055797 -3962.912842
-1542.216797 -40.341896 -4142.725098
-1601.271729 -67.939644 -4276.312988
-1649.475464 -79.737251 -4407.159668
-1707.388550 -105.934814 -4547.446289
-1786.176270 -124.932259 -4717.500977
-1866.822388 -151.329880 -4830.742676
-1972.146484 -159.727509 -4905.695313
-2115.381104 -183.725143 -4979.036133
-2299.149658 -207.322632 -5016.878418
-2501.406250 -224.920181 -4986.692871
-2733.706787 -265.317963 -4966.550293
-2992.469971 -309.716309 -4918.379883
-3349.236572 -353.915253 -4883.255859
-3625.144043 -396.513000 -4854.982910
-3956.823730 -396.910706 -4809.350586
-4173.350586 -396.908386 -4781.311035
-4379.351563 -396.906067 -4752.097656
-4568.399414 -396.303680 -4777.437988
-4624.354492 -434.505676 -4881.214355
-4697.813965 -625.505676 -4933.487793
-4869.346191 -692.504333 -5197.255859
-5055.404785 -833.303101 -5456.518555
-5298.191406 -1014.704346 -5809.222168
-5459.818848 -1134.903198 -6047.521484
-5626.723633 -1346.501709 -6296.621094
-5822.706543 -1454.308228 -6526.671387
-6027.582031 -1597.316162 -6813.677734
-6263.902344 -1631.738647 -7006.755859
-6678.433105 -1630.966064 -7320.799316
-7130.650879 -1555.196411 -7575.685059
-7614.979980 -1505.225586 -7609.827148
-8020.173340 -1466.052124 -7490.502441
-8340.410156 -1480.465576 -7262.141113
-8618.073242 -1510.475220 -7085.140137
-9072.938477 -1677.278320 -6577.147949
-9301.649414 -1745.086304 -6181.419922
-9325.227539 -1767.899414 -5970.268555
-9306.689453 -1765.718628 -5705.101563
-9292.377930 -1750.334473 -5585.324219
-9249.622070 -1736.749878 -5206.712402
-9244.481445 -2103.338867 -5218.940918
-9193.708008 -2107.352295 -4997.970703
-9166.815430 -2107.566650 -4830.957520
-9140.518555 -2124.376953 -4365.569336
-9005.270508 -2106.989502 -3984.251709
-8710.147461 -2082.197266 -3759.657227
-8466.139648 -2179.182861 -3634.388428
-8099.856445 -2230.789063 -3584.935303
-7987.824707 -2242.189209 -3583.043457
-7833.397461 -2247.385254 -3589.269043
-7697.015137 -2278.378418 -3582.130615
-7580.053711 -2290.970215 -3516.791504
-7519.426758 -2333.761230 -3419.196289
-7506.396973 -2345.357666 -3333.413330
-7541.408691 -2356.149902 -3284.677734
-7613.198730 -2362.943848 -3230.427734
-8002.270996 -2370.541748 -3183.737793
-8238.979492 -2379.338135 -3251.683594
-8473.641602 -2432.325439 -3243.547607
-8881.601563 -2355.926025 -3062.689941
-9033.913086 -2327.922852 -2896.742676
-9456.733398 -2316.515625 -2522.839600
-9698.634766 -2308.107666 -2327.680664
-10005.023438 -2344.488770 -2371.407959
-10291.728516 -2363.874023 -2291.523682
-10519.939453 -2341.460449 -2197.560059
-10613.775391 -2313.648193 -1979.637817
-10513.711914 -2313.229248 -1487.196899
-10533.237305 -2312.810303 -1479.411011
14.434585 0.400000 223.281876
-477.164520 0.200000 223.493881
-635.899841 2.400000 250.758408
-813.148621 0.000001 307.202728
-925.623474 0.000003 371.511810
-1038.736084 0.200005 463.973419
-1166.105225 -0.399993 592.586914
-1432.784912 -1.399986 759.670166
-1703.167847 0.800017 792.860229
-1903.571655 2.600020 751.761902
-2085.949951 -2.799976 622.717346
-2304.219727 -39.400059 441.605774
-2481.326172 -69.800148 249.295670
-2645.753418 -93.800385 110.823402
-2820.111572 -68.001381 118.805313
-3059.295410 -71.802338 110.014587
-3230.157471 -40.603382 123.084579
-3425.122070 0.395568 166.121674
-3631.086426 47.394543 125.400551
-3795.038574 79.793739 10.970876
-3942.063721 107.992996 -155.764618
-4014.817627 122.192467 -448.126190
-3888.760010 97.992523 -742.966125
-3639.933594 49.392670 -852.196777
-3520.592773 0.992817 -929.718262
-3453.738525 -0.006927 -1048.261841
-3403.222168 0.193329 -1161.520264
-3444.286865 0.193590 -1320.062012
-3443.681641 0.593850 -1463.218384
-3462.746826 0.794111 -1641.024048
-3447.411865 0.194371 -1848.813232
-3420.929199 31.794682 -2071.928467
-3321.238281 17.194817 -2277.625488
-3177.184814 -1.805047 -2516.866943
-2919.144043 -7.604899 -2682.898438
-2762.464600 -13.204826 -2728.102295
-2405.309814 -39.204735 -2784.282227
-2129.798584 -64.204666 -2786.465576
-1828.044067 -58.404968 -2696.802246
-1551.526733 -46.805107 -2574.200439
-1317.785156 -27.405214 -2421.830811
-1052.039429 -0.004623 -2296.548340
-882.799316 0.195936 -2205.549805
-683.870850 0.596494 -2220.162598
-581.072876 0.397053 -2206.036377
-494.292938 0.197612 -2241.075928
-296.653168 -0.001828 -2341.460205
-178.814484 -3.601269 -2411.819092
-63.802700 11.799281 -2517.585205
-5.981811 13.399792 -2645.343018
26.800501 8.000309 -2818.284912
14.582242 1.000826 -3021.380615
-50.257877 -2.998659 -3166.304199
-174.358536 0.201857 -3263.508789
-264.414948 0.202372 -3322.849854
-353.078033 0.002887 -3351.970947
-474.933014 5.003402 -3346.906494
-669.158691 0.203922 -3320.362793
-854.334656 0.204442 -3297.187744
-1044.637695 -5.395038 -3315.416260
-1299.062378 -15.594514 -3393.310791
-1380.898315 -8.193960 -3464.194092
-1482.836670 34.206654 -3586.372803
-1548.254761 69.807373 -3729.395508
-1623.160767 1.208556 -3890.307617
-1719.821777 -74.790146 -4082.022705
-1809.569214 -67.788864 -4275.363770
-1857.348022 -79.387421 -4387.741211
-1898.461426 -106.386024 -4507.664063
-1965.045044 -122.384697 -4640.178223
-2007.840088 -141.183456 -4703.629883
-2072.183350 -159.181976 -4749.764648
-2174.727783 -182.980637 -4801.502441
-2289.658447 -207.579147 -4832.591797
-2459.318604 -225.177734 -4804.518066
-2729.978027 -265.376556 -4767.284668
-3025.530762 -300.975800 -4741.896973
-3335.878418 -366.574158 -4714.989258
-3565.676025 -396.774780 -4585.881348
-3830.786621 -396.773529 -4238.997070
-4144.707520 -396.572296 -4118.194336
-4531.528809 -396.371033 -4185.988281
-4730.206543 -396.169769 -4365.447754
-4860.287109 -434.771057 -4656.276367
-4896.274902 -612.968628 -4744.927246
-5069.257324 -663.564636 -5016.042969
-5254.604004 -815.562439 -5317.874512
-5526.794434 -1013.962097 -5701.663086
-5677.827148 -1094.774658 -5844.723145
-5888.027832 -1292.380615 -6002.040527
-6064.328613 -1596.979004 -6144.525879
-6349.799316 -1667.187500 -6735.888672
-6424.916504 -1631.598145 -6841.098145
-6826.645508 -1630.800293 -7140.456055
-7208.953613 -1554.207764 -7368.207031
-7576.147949 -1503.614014 -7385.967773
-7929.867676 -1466.816895 -7273.888184
-8224.733398 -1480.807373 -7059.703613
-8449.609375 -1508.794434 -6925.816406
-8901.605469 -1659.171631 -6456.740723
-9081.200195 -1746.349854 -5998.210449
-9074.695313 -1767.738281 -5846.083008
-9047.974609 -1766.132324 -5636.101563
-9028.995117 -1749.523438 -5535.450195
-8951.971680 -1737.713379 -5233.802246
-8964.773438 -2106.676758 -5250.481445
-8924.220703 -2106.666260 -5041.028809
-8898.819336 -2107.455566 -4929.775879
-8819.796875 -2124.442627 -4387.872070
-8785.060547 -2107.031982 -4122.715820
-8585.958984 -2072.218994 -3952.914551
-8307.658203 -2149.796631 -3795.878906
-8173.604492 -2150.966553 -3801.901855
-8022.039551 -2147.139648 -3814.187988
-7793.880371 -2144.308105 -3835.304688
-7556.965820 -2174.473633 -3765.941650
-7381.767090 -2217.632813 -3664.527832
-7279.166992 -2274.594971 -3497.286621
-7258.619629 -2318.357178 -3382.333252
-7306.185547 -2360.513916 -3157.575195
-7498.281738 -2363.082764 -3011.079102
-8014.165527 -2366.050293 -2895.913330
-8297.593750 -2376.615967 -2953.482666
-8509.022461 -2402.577881 -2930.665527
-8712.113281 -2364.742188 -2777.308105
-8913.353516 -2372.695313 -2704.131836
-9277.044922 -2322.857178 -2380.834229
-9509.803711 -2308.010498 -2107.867920
-9425.997070 -2344.351318 -1785.895874
-9458.734375 -2348.899902 -1521.411499
-9549.053711 -2342.039063 -1299.914917
-9859.863281 -2313.983398 -1194.625610
-10304.959961 -2313.520996 -1252.028198
-10319.144531 -2313.058594 -1241.764893
11 1 0 0
-518.019165 -60.990685 -2441.476318
1
-75.958641 -37.650093 127.724533
24.599596 -27.850033 85.953812
224.096741 -0.849999 1.034284
341.137207 19.350002 -83.748764
440.053345 33.350536 -172.176437
513.423523 43.551353 -319.354462
550.686523 35.752117 -500.029053
539.316589 21.752857 -702.365662
474.412018 33.153954 -852.703064
362.006744 0.754915 -944.566895
244.981857 -6.043866 -1022.231445
152.115097 -17.842587 -1048.080566
-211.637619 -40.250107 103.150887
-76.589737 -18.850000 36.892056
60.145111 -16.649990 -60.596901
128.753967 -7.449993 -136.354233
174.945984 0.949975 -234.383850
208.876816 1.750135 -329.621582
236.250626 -8.049721 -493.217377
239.308212 -19.049562 -658.283447
177.733444 -26.449419 -805.569458
133.770859 -35.849300 -900.970886
111.337196 -44.849213 -928.197876
7.768050 -41.249084 -1045.566528
16 1 0 0
-6264.482422 -1169.000000 -6517.912109
1
-94.960159 -608.088684 -339.135864
-212.629684 -659.891846 -212.268585
-353.507751 -571.886475 -8.646635
-497.802490 -572.286499 168.618454
-597.057068 -572.686523 374.049438
-730.109314 -571.287781 652.752319
-942.342102 -572.489197 818.077148
-1155.104736 -608.792175 878.974182
-1498.022217 -637.093811 943.766541
-1812.754395 -738.997253 1051.351929
-1883.455933 -712.898804 1084.758545
-1907.072632 -714.402039 1100.868652
-2319.533691 -758.907349 1361.804321
-2310.782227 -1048.210693 1348.994507
-2417.388428 -1048.133179 1419.145874
-2510.617920 -1082.253662 1467.996582
-2653.831787 -1047.977905 1444.421997
197.685822 -535.487000 256.895691
15.280209 -541.086975 296.400909
-145.084030 -549.886353 325.975189
-194.430054 -552.687073 334.573730
-305.713348 -572.088379 531.294739
-502.532593 -572.289856 751.296631
-756.160828 -572.891357 976.757507
-1050.937378 -608.193848 1093.604370
-1373.257446 -638.096069 1142.575439
-1648.142700 -740.199646 1214.076172
-1665.309937 -734.102539 1231.334717
-1729.994995 -710.404358 1264.972046
-2147.771729 -759.310120 1559.165405
-2150.914551 -1048.619019 1536.958618
-2326.203613 -1048.344727 1697.561646
-2490.521484 -1099.468872 1895.773682
-2567.579102 -1066.598145 2013.791870
5 2 0 1
-1435.357300 -85.999985 308.767303
1
78.882599 -23.000015 -45.038742
-62.891754 -18.399998 -29.932701
-199.972534 -15.799990 -52.083447
-370.492554 -26.400028 -92.514832
-491.507294 -21.200008 -109.346436
-623.951660 0.000000 -177.377808
36.979988 -23.000015 -15.886096
-9.487069 -22.200012 -6.614068
-149.108749 -22.400013 18.163553
-334.883179 -24.600021 -21.222738
-479.404541 -21.800011 -62.249638
-602.787659 0.000000 -232.062790
-42.407055 -23.000015 82.506767
-121.079575 -21.800011 103.792786
-197.661804 -16.399990 125.601288
-390.135956 -23.800018 96.792076
-498.206055 -23.000015 -26.788036
-544.008118 -19.400002 -101.662949
7 2 0 1
-3416.696777 -81.000015 -320.455750
1
204.290222 -50.200119 -21.900864
182.049164 -34.400059 -48.240910
88.902512 -43.000092 -75.871605
40.082493 -34.800022 -124.629570
9.505663 -20.599926 -206.400803
13.255235 -27.599964 -260.767212
47.093418 -30.199986 -351.487518
-9.260040 -24.199139 -351.285889
239.903809 -63.600170 -10.086963
130.958786 -26.600029 -4.876480
53.433800 -8.999996 -7.994551
-47.202793 -9.199995 -39.920853
-116.558022 8.399928 -53.473431
-167.379074 17.399857 -135.196472
-97.594627 -4.800042 -193.734894
-85.999146 -8.199742 -311.355286
194.815964 -58.200146 15.893292
110.407021 -26.200027 37.866261
32.410328 -13.599966 70.827148
-90.941727 -6.800052 83.704674
-207.379440 16.399792 21.145506
-274.293091 28.199692 -98.206917
-245.527466 22.399849 -195.416290
-181.912994 10.000143 -288.507477
6 2 0 1
-3799.780029 -502.000000 -4956.536621
1
-785.408813 -4.233334 62.579456
-719.302551 -2.833333 101.171463
-699.305237 -2.833333 128.227951
-702.482483 -2.833333 158.990204
-731.277466 -2.833333 223.857986
-700.792847 -2.833333 317.883026
-583.323608 -3.033334 440.990021
-440.801117 -2.633334 62.938747
-417.829254 1.966666 97.814949
-407.159149 3.966667 126.251373
-403.378784 2.766667 162.813400
-388.118134 3.966667 248.832626
-394.070007 1.366666 376.223114
-353.001617 -2.633333 475.658905
-23.450266 -3.033334 3.631326
-169.321854 -3.033334 56.544182
-190.500626 -3.033334 86.243782
-193.894043 -3.233334 128.520615
-157.036057 -3.433334 173.701447
-112.031708 -3.233334 277.878479
-181.318405 -3.233334 409.218170
1 1 0 5
-1715.991211 -224.990723 -4203.277832
1
117.171013 -34.599987 222.526917
-435.991974 -160.199738 -910.104431
-1001.256104 -249.799103 353.261383
-1554.420410 -299.800140 -779.370728
1 4 0 5
-8237.203125 -2231.999756 -3709.295410
1
-252.011505 -181.399567 -51.882179
-458.017761 -365.401245 348.915527
50.695576 -195.798965 -10.254428
-34.267590 -365.401245 327.654602
508.607208 -248.999390 -7.371991
227.240448 -349.199341 414.904236
642.522217 -266.399658 54.262863
616.888550 -340.797729 377.189392
722.300781 -306.199890 163.221970
711.281433 -326.997437 285.255280
1 1 0 4
-2915.834473 -71.999969 -2773.792969
1
6.583941 -32.799950 61.039505
16.342894 -32.799950 58.857922
-13.051253 -32.799950 -26.792345
-3.291977 -32.799950 -28.974125
1 1 0 4
-1823.060791 -71.999985 -2799.037598
1
-4.075897 -93.399948 90.513588
4.833970 -93.399948 95.053345
36.782104 -93.399948 10.322372
45.692440 -93.399948 14.862293
1 1 0 4
-7125.494629 -1656.000000 -7676.403809
1
-5.491608 -9.199950 -4.175013
-15.452998 -9.199950 -5.053587
-13.398432 -9.199950 85.476677
-23.359783 -9.199950 84.598114
1 1 0 4
-8022.067871 -1554.999756 -7604.537598
1
-12.281760 -21.399918 -3.300806
-20.622431 -21.399918 2.215736
37.366920 -21.399918 71.765976
29.026182 -21.399918 77.282394
1 1 0 4
-8583.400391 -1554.999512 -7181.703613
1
-33.908443 -62.600315 -19.829670
-41.450840 -62.600315 -13.263793
25.184946 -62.600315 48.052700
17.642496 -62.600315 54.618610
1 1 0 4
-8970.925781 -1554.999512 -6750.082031
1
-36.217621 -199.599716 -36.792618
-42.445347 -199.599716 -28.968676
34.198181 -199.599716 19.257547
27.970318 -199.599716 27.081448
1 1 0 4
-9024.043945 -2433.999512 -2969.718018
1
-63.427708 7.199954 -27.693016
-84.264221 7.199954 -11.106056
85.850082 -42.800137 159.837814
65.013855 -42.800137 176.424377
62 1 0 0
-518.019165 -54.990685 -2441.476318
0
513.675842 -53.609314 2542.781006
28.414612 -53.809315 2545.982910
-130.320709 -51.609314 2573.247314
-307.569489 -54.009315 2629.691650
-420.044342 -54.009312 2694.000732
-533.156982 -53.809311 2786.462402
-660.526123 -54.409309 2915.075928
-927.205811 -55.409302 3082.159180
-1197.588745 -53.209297 3115.349121
-1397.992554 -51.409294 3074.250977
-1580.370850 -56.809292 2945.206299
-1798.640625 -93.409378 2764.094727
-1975.747070 -123.809464 2571.784668
-2140.174316 -147.809692 2433.312500
-2314.532471 -122.010696 2441.294434
-2553.716309 -125.811653 2432.503662
-2724.578369 -94.612701 2445.573486
-2919.542969 -53.613747 2488.610596
-3125.507324 -6.614773 2447.889648
-3289.459473 25.784424 2333.459961
-3436.484619 53.983681 2166.724365
-3509.238525 68.183151 1874.362793
-3383.180908 43.983208 1579.522949
-3134.354492 -4.616646 1470.292236
-3015.013672 -53.016499 1392.770752
-2948.159424 -54.016243 1274.227173
-2897.643066 -53.815987 1160.968750
-2938.707764 -53.815727 1002.427002
-2938.102539 -53.415466 859.270630
-2957.167725 -53.215202 681.464966
-2941.832764 -53.814945 473.675781
-2915.350098 -22.214634 250.560547
-2815.659180 -36.814499 44.863525
-2671.605713 -55.814362 -194.377930
-2413.564941 -61.614212 -360.409424
-2256.885498 -67.214142 -405.613281
-1899.730713 -93.214050 -461.793213
-1624.219482 -118.213982 -463.976563
-1322.464966 -112.414284 -374.313232
-1045.947632 -100.814423 -251.711426
-812.206055 -81.414528 -99.341797
-546.460327 -54.013939 25.940674
-377.220184 -53.813377 116.939209
-174.602066 -63.850075 103.746803
-76.589737 -45.650028 36.892056
60.145111 -37.850040 -60.596901
128.753967 -27.450024 -136.354233
174.945984 -19.449961 -234.383850
208.876816 -28.049829 -329.621582
236.250626 -37.649742 -493.217377
239.308212 -42.049606 -658.283447
177.733444 -49.849491 -805.569458
133.770859 -54.049351 -900.970886
30.646118 -75.405907 -1024.417480
-163.579559 -61.605423 -997.873779
-348.755524 -53.804874 -974.698730
-539.058594 -59.404354 -992.927246
-793.483276 -69.603828 -1070.821777
-875.319214 -62.203278 -1141.705078
-977.257568 -19.802662 -1263.883789
-1042.675659 15.798058 -1406.906494
-1117.581665 -52.800758 -1567.818604
-1214.242676 -131.599030 -1759.533691
513.675842 246.390686 2542.781006
28.414612 246.190704 2545.982910
-130.320709 248.390686 2573.247314
-307.569489 245.990692 2629.691650
-420.044342 245.990692 2694.000732
-533.156982 246.190704 2786.462402
-660.526123 245.590698 2915.075928
-927.205811 244.590698 3082.159180
-1197.588745 246.790710 3115.349121
-1397.992554 248.590698 3074.250977
-1580.370850 243.190704 2945.206299
-1798.640625 206.590637 2764.094727
-1975.747070 176.190552 2571.784668
-2140.174316 152.190308 2433.312500
-2314.532471 177.989319 2441.294434
-2553.716309 174.188354 2432.503662
-2724.578369 205.387299 2445.573486
-2919.542969 246.386261 2488.610596
-3125.507324 293.385223 2447.889648
-3289.459473 325.784424 2333.459961
-3436.484619 353.983673 2166.724365
-3509.238525 368.183167 1874.362793
-3383.180908 343.983215 1579.522949
-3134.354492 295.383362 1470.292236
-3015.013672 246.983521 1392.770752
-2948.159424 245.983765 1274.227173
-2897.643066 246.184021 1160.968750
-2938.707764 246.184296 1002.427002
-2938.102539 246.584534 859.270630
-2957.167725 246.784790 681.464966
-2941.832764 246.185059 473.675781
-2915.350098 277.785370 250.560547
-2815.659180 263.185516 44.863525
-2671.605713 244.185638 -194.377930
-2413.564941 238.385803 -360.409424
-2256.885498 232.785858 -405.613281
-1899.730713 206.785950 -461.793213
-1624.219482 181.786011 -463.976563
-1322.464966 187.585724 -374.313232
-1045.947632 199.185577 -251.711426
-812.206055 218.585480 -99.341797
-546.460327 245.986084 25.940674
-377.220184 246.186615 116.939209
-174.602066 236.148956 103.746803
-76.589737 254.348953 36.892056
60.145111 262.148834 -60.596901
128.753967 272.548889 -136.354233
174.945984 280.548767 -234.383850
208.876816 271.947998 -329.621582
236.250626 262.348145 -493.217377
239.308212 257.948639 -658.283447
177.733444 250.149200 -805.569458
133.770859 245.949814 -900.970886
30.646118 224.594315 -1024.417480
-163.579559 238.394730 -997.873779
-348.755524 246.195129 -974.698730
-539.058594 240.595642 -992.927246
-793.483276 230.396179 -1070.821777
-875.319214 237.796722 -1141.705078
-977.257568 280.197357 -1263.883789
-1042.675659 315.798065 -1406.906494
-1117.581665 247.199249 -1567.818604
-1214.242676 168.400986 -1759.533691
13 1 0 0
-2818.519775 -529.990723 -4524.408691
0
-529.798584 -245.583466 -309.567871
-219.450928 -179.985107 -336.475586
76.101807 -144.385864 -361.863281
346.761230 -104.187042 -399.096680
516.421387 -86.588455 -427.170410
631.352051 -61.989944 -396.081055
733.896484 -38.191284 -344.343262
798.239746 -20.192764 -298.208496
841.034790 -1.394005 -234.756836
907.618408 14.604668 -102.242676
948.731812 41.603271 17.680176
996.510620 53.201828 130.057617
1086.258057 46.200546 323.398682
1182.919067 122.199249 515.113770
-529.798584 54.416534 -309.567871
-219.450928 120.014893 -336.475586
76.101807 155.614136 -361.863281
346.761230 195.812958 -399.096680
516.421387 213.411545 -427.170410
631.352051 238.010056 -396.081055
733.896484 261.808716 -344.343262
798.239746 279.807251 -298.208496
841.034790 298.605988 -234.756836
907.618408 314.604675 -102.242676
948.731812 341.603271 17.680176
996.510620 353.201843 130.057617
1086.258057 346.200562 323.398682
1182.919067 422.199249 515.113770
53 1 0 0
-3182.902100 -529.990845 -4491.168457
0
144.931396 114.015045 -369.715820
-165.416260 48.416687 -342.808105
-395.213867 18.216064 -213.700195
-660.324463 18.217316 133.184082
-974.245361 18.418549 253.986816
-1361.066650 18.619812 186.192871
-1558.485107 18.821075 6.122559
-1687.308350 -19.780212 -285.316406
-1723.775146 -197.977783 -373.882813
-1896.350830 -248.573792 -645.226074
-2081.697510 -400.571594 -947.057617
-2354.294678 -598.971252 -1330.618652
-2503.519287 -679.783813 -1475.223145
-2715.280762 -877.389771 -1638.192261
-2883.894531 -1179.496094 -1769.847900
-3066.300293 -1185.096191 -1730.342773
-3223.602295 -1193.895508 -1704.882813
-3276.010254 -1196.696289 -1692.169922
-3387.293701 -1216.097534 -1495.448975
-3584.394287 -1216.299072 -1282.908203
-3838.672119 -1216.900513 -1053.307373
-4134.037598 -1252.203003 -936.141235
-4457.208008 -1282.105225 -887.718872
-4733.946777 -1384.208740 -816.440552
-4746.890137 -1378.111694 -795.408936
-4815.278320 -1354.413574 -764.347534
-5237.342773 -1689.502441 -494.660034
-5407.590820 -1692.353882 -339.446533
-5572.489258 -1743.478027 -141.228516
-5649.334961 -1709.451782 -15.690918
-5614.598633 -1692.041138 249.465332
-5415.497070 -1657.228149 419.266602
-5137.196289 -1734.805786 576.302246
-5003.142578 -1735.975708 570.279297
-4851.577148 -1732.148804 557.993164
-4623.417969 -1729.317261 536.876465
-4386.503906 -1759.482788 606.239502
-4211.304688 -1802.641968 707.653320
-4108.705078 -1859.604126 874.894531
-4088.157471 -1903.366333 989.847900
-4135.723633 -1945.523071 1214.605957
-4327.819336 -1948.091919 1361.102051
-4843.703125 -1951.059448 1476.267822
-5127.131836 -1961.625122 1418.698486
-5338.560547 -1987.587036 1441.515625
-5541.651367 -1949.751343 1594.873047
-5742.891602 -1957.704468 1668.049316
-6106.583008 -1907.866333 1991.346924
-6339.341797 -1893.019653 2264.313232
-6255.535156 -1929.360474 2586.285156
-6288.272461 -1933.909058 2850.769531
-6378.591797 -1927.048218 3072.266113
-6689.401367 -1898.992554 3177.555664
-7134.498047 -1898.530151 3120.152832
144.931396 414.015045 -369.715820
-165.416260 348.416687 -342.808105
-395.213867 318.216064 -213.700195
-660.324463 318.217316 133.184082
-974.245361 318.418549 253.986816
-1361.066650 318.619812 186.192871
-1558.485107 318.821075 6.122559
-1687.308350 409.022034 -285.316406
-1723.775146 439.424744 -373.882813
-1896.350830 388.827698 -645.226074
-2081.697510 236.827591 -947.057617
-2354.294678 126.628487 -1330.618652
-2503.519287 58.417603 -1475.223145
-2715.280762 47.215076 -1638.192261
-2883.894531 33.513950 -1769.847900
-3066.300293 -365.687073 -1730.342773
-3223.602295 -556.489624 -1704.882813
-3276.010254 -559.290344 -1692.169922
-3387.293701 -578.691650 -1495.448975
-3584.394287 -578.893127 -1282.908203
-3838.672119 -579.494629 -1053.307373
-4134.037598 -614.797119 -936.141235
-4457.208008 -644.699341 -887.718872
-4733.946777 -746.808105 -816.440552
-4746.890137 -740.710510 -795.408936
-4815.278320 -717.010315 -764.347534
-5237.342773 -679.317871 -494.660034
-5407.590820 -731.374451 -339.446533
-5572.489258 -1131.299805 -141.228516
-5649.334961 -1409.451782 -15.690918
-5614.598633 -1392.041138 249.465332
-5415.497070 -1357.228149 419.266602
-5137.196289 -1434.805786 576.302246
-5003.142578 -1435.975708 570.279297
-4851.577148 -1432.148804 557.993164
-4623.417969 -1429.317261 536.876465
-4386.503906 -1459.482788 606.239502
-4211.304688 -1502.641968 707.653320
-4108.705078 -1559.604126 874.894531
-4088.157471 -1603.366333 989.847900
-4135.723633 -1645.523071 1214.605957
-4327.819336 -1648.091919 1361.102051
-4843.703125 -1651.059448 1476.267822
-5127.131836 -1661.625122 1418.698486
-5338.560547 -1687.587036 1441.515625
-5541.651367 -1649.751343 1594.873047
-5742.891602 -1657.704468 1668.049316
-6106.583008 -1607.866333 1991.346924
-6339.341797 -1593.019653 2264.313232
-6255.535156 -1629.360474 2586.285156
-6288.272461 -1633.909058 2850.769531
-6378.591797 -1627.048218 3072.266113
-6689.401367 -1598.992554 3177.555664
-7134.498047 -1598.530151 3120.152832
9 1 0 0
-10744.032227 -2461.990723 -1299.800903
0
217.879883 33.761475 -306.383179
117.816406 33.342529 -798.824097
211.652344 5.530273 -1016.746338
439.863281 -16.883301 -1110.709961
726.568359 2.501953 -1190.594238
1032.957031 38.883057 -1146.866943
1274.858398 30.475098 -1342.025879
1697.678711 19.067871 -1715.928955
1849.990234 -8.935303 -1881.876221
2257.950195 -96.340645 -2062.733887
217.879883 333.761475 -306.383179
117.816406 333.342529 -798.824097
211.652344 305.530273 -1016.746338
439.863281 283.116699 -1110.709961
726.568359 302.501953 -1190.594238
1032.957031 338.883057 -1146.866943
1274.858398 330.475098 -1342.025879
1697.678711 319.067871 -1715.928955
1849.990234 291.064697 -1881.876221
2257.950195 203.658829 -2062.733887
112 1 0 0
-8368.022461 -2124.990723 -3636.887939
0
67.814316 -182.406219 -97.936363
-110.557617 -169.192139 -116.487793
-354.565430 -72.206543 -241.756592
-649.688477 -96.998779 -466.351074
-784.936523 -153.586044 -847.668701
-811.233398 -139.575729 -1313.056885
-838.125977 -101.561546 -1480.070068
-888.899414 -93.348145 -1701.040283
-931.630859 259.056396 -2069.583252
-948.790039 244.272095 -2187.464600
-969.645508 242.491211 -2452.367920
-942.571289 264.304565 -2653.499756
-640.473083 348.912842 -3142.145020
-260.115631 491.915039 -3563.223145
15.171875 529.525146 -3744.240479
338.734314 554.336060 -3966.977783
740.602051 504.765137 -4091.926514
1229.724731 431.592773 -4048.766846
1677.148926 379.024658 -3802.898682
2091.679688 378.252075 -3488.855225
2328.000000 412.674561 -3295.777100
2530.023438 555.682495 -3007.180420
2726.539551 663.489014 -2773.420654
2893.318848 875.087524 -2528.256592
3053.315918 995.286377 -2289.049072
3297.325195 1176.687622 -1937.027588
3484.198242 1260.090332 -1678.218506
3654.912598 1329.888916 -1414.446045
3728.686523 1575.485107 -1360.005615
3785.084961 1613.687012 -1258.518799
3975.671875 1613.084717 -1231.454834
4182.231445 1613.082275 -1263.410400
4398.758301 1613.080078 -1291.449951
4730.437988 1613.477783 -1337.082275
5006.345703 1656.075439 -1365.355225
5363.112305 1700.274414 -1400.479248
5621.875000 1744.672729 -1448.649658
5854.175781 1785.070557 -1468.792236
6056.432617 1802.668091 -1498.977783
6240.201172 1826.265625 -1461.135498
6383.435547 1850.263184 -1387.794678
6488.759766 1858.660889 -1312.842041
6569.405762 1885.058472 -1199.600342
6648.193359 1904.055908 -1029.545654
6706.106445 1930.253418 -889.259033
6754.310547 1942.051025 -758.412354
6813.365234 1969.648804 -624.824463
6862.535156 2010.046509 -445.012207
6937.989746 2059.444336 -334.679443
7042.623047 2016.442383 -218.400879
7110.472168 1987.840454 -133.477295
7178.246094 1976.438477 -70.412109
7436.033691 1994.436646 8.327393
7559.695801 2016.034912 -2.268066
7711.041504 2010.233154 -31.340332
7915.834473 2010.031372 -58.765869
8001.042969 2010.229492 -47.338135
8143.574707 2010.427734 -34.808350
8287.734375 2010.026001 15.403564
8464.702148 2013.224243 160.752197
8596.286133 2011.622437 417.352783
8615.791016 2003.220703 673.762939
8567.428711 1999.418945 963.501709
8460.304688 1998.617065 1171.915771
8301.605469 2015.015381 1321.871826
8163.923828 2010.213623 1420.061279
8059.341309 2010.611938 1472.124023
7973.032227 2010.010254 1514.142944
7753.071289 2010.608521 1552.252563
7427.501465 2010.206787 1539.486450
7220.769043 2010.204956 1436.282471
7030.669922 1998.803345 1356.154541
6634.372070 2011.003540 1125.720215
6447.047852 1937.403687 1033.878906
6208.924805 1953.603760 959.883789
5933.819336 1973.003906 960.514648
5613.265625 2011.803345 1021.279541
5482.337891 2031.802246 1056.739014
5338.359375 2038.801147 1168.661133
5239.926270 2052.800049 1339.782959
5149.875000 2038.199463 1523.714478
5137.092773 2010.199097 1651.183716
5114.877441 2010.398682 1822.046997
5128.291504 2010.198364 1974.660889
5139.137207 2009.997925 2155.125000
5182.847656 2010.597534 2383.399902
5097.667969 2010.197266 2593.799316
5020.342773 2010.396851 2859.402344
4961.657227 2010.996460 2996.958984
4929.164063 2017.996094 3052.424316
4911.683594 2021.395752 3083.099854
4940.096680 2015.595337 3153.459473
4983.454102 2006.994995 3210.498779
5027.382813 1998.394531 3243.151367
5098.900391 2010.994263 3275.703125
5154.566406 1983.993896 3313.576172
5287.333984 1939.993408 3333.876953
5508.732422 1935.393188 3406.317383
5785.052734 1918.593018 3412.491211
6050.231934 1969.791870 3618.463623
6280.407227 2013.390747 3799.101318
6433.055176 2012.990723 3860.241943
6547.943848 2007.990723 3885.218262
6683.516113 2009.590698 3908.674072
6862.269531 2011.590698 3935.270996
7012.125977 2010.990723 3902.218750
7152.805664 2011.390747 3823.303223
7290.023438 2010.390747 3706.385010
7427.942383 2010.790771 3627.050293
7654.276367 2013.990723 3550.951416
7881.912109 2010.190674 3509.361572
8363.711914 2009.990723 3510.589111
8363.682617 2010.390747 3738.202148
86.451126 176.794662 -98.991386
-110.557617 357.609070 -116.487793
-354.565430 443.396576 -241.756592
-649.688477 448.004333 -466.351074
-784.936523 502.017731 -847.668701
-811.233398 518.828369 -1313.056885
-838.125977 519.042786 -1480.070068
-888.899414 535.856506 -1701.040283
-931.630859 559.056396 -2069.583252
-948.790039 544.272095 -2187.464600
-969.645508 542.491211 -2452.367920
-942.571289 564.304565 -2653.499756
-640.473083 648.912842 -3142.145020
-260.115631 791.915039 -3563.223145
15.171875 829.525146 -3744.240479
338.734314 854.336060 -3966.977783
740.602051 1044.367554 -4091.926514
1229.724731 1080.393921 -4048.766846
1677.148926 1372.006470 -3802.898682
2091.679688 1563.020508 -3488.855225
2328.000000 1584.840942 -3295.777100
2530.023438 1691.438965 -3007.180420
2726.539551 1799.236084 -2773.420654
2893.318848 1907.236572 -2528.256592
3053.315918 2005.036865 -2289.049072
3297.325195 2096.844482 -1937.027588
3484.198242 2205.645264 -1678.218506
3654.912598 2205.248779 -1414.446045
3728.686523 2193.462891 -1360.005615
3785.084961 2172.668945 -1258.518799
3975.671875 1913.084717 -1231.454834
4182.231445 1913.082275 -1263.410400
4398.758301 1913.080078 -1291.449951
4730.437988 1913.477783 -1337.082275
5006.345703 1956.075439 -1365.355225
5363.112305 2000.274414 -1400.479248
5621.875000 2044.672729 -1448.649658
5854.175781 2085.070557 -1468.792236
6056.432617 2102.667969 -1498.977783
6240.201172 2126.265625 -1461.135498
6383.435547 2150.263184 -1387.794678
6488.759766 2158.660889 -1312.842041
6569.405762 2185.058594 -1199.600342
6648.193359 2204.055908 -1029.545654
6706.106445 2230.253418 -889.259033
6754.310547 2242.051025 -758.412354
6813.365234 2269.648926 -624.824463
6862.535156 2310.046387 -445.012207
6937.989746 2359.444336 -334.679443
7042.623047 2316.442383 -218.400879
7110.472168 2287.840332 -133.477295
7178.246094 2276.438477 -70.412109
7436.033691 2294.436768 8.327393
7559.695801 2316.034912 -2.268066
7711.041504 2310.233154 -31.340332
7915.834473 2310.031250 -58.765869
8001.042969 2310.229492 -47.338135
8143.574707 2310.427734 -34.808350
8287.734375 2310.025879 15.403564
8464.702148 2313.224121 160.752197
8596.286133 2311.622559 417.352783
8615.791016 2303.220703 673.762939
8567.428711 2299.418945 963.501709
8460.304688 2298.617188 1171.915771
8301.605469 2315.015381 1321.871826
8163.923828 2310.213623 1420.061279
8059.341309 2310.611816 1472.124023
7973.032227 2310.010254 1514.142944
7753.071289 2310.608398 1552.252563
7427.501465 2310.206787 1539.486450
7220.769043 2310.205078 1436.282471
7030.669922 2298.803223 1356.154541
6634.372070 2311.003662 1125.720215
6447.047852 2237.403809 1033.878906
6208.924805 2253.603760 959.883789
5933.819336 2273.003906 960.514648
5613.265625 2311.803467 1021.279541
5482.337891 2331.802246 1056.739014
5338.359375 2338.801025 1168.661133
5239.926270 2352.800049 1339.782959
5149.875000 2338.199463 1523.714478
5137.092773 2310.199219 1651.183716
5114.877441 2310.398682 1822.046997
5128.291504 2310.198242 1974.660889
5139.137207 2309.998047 2155.125000
5182.847656 2310.597656 2383.399902
5097.667969 2310.197266 2593.799316
5020.342773 2310.396973 2859.402344
4961.657227 2310.996582 2996.958984
4929.164063 2317.996094 3052.424316
4911.683594 2321.395752 3083.099854
4940.096680 2315.595215 3153.459473
4983.454102 2306.994873 3210.498779
5027.382813 2298.394531 3243.151367
5098.900391 2310.994141 3275.703125
5154.566406 2283.993896 3313.576172
5287.333984 2239.993408 3333.876953
5508.732422 2235.393311 3406.317383
5785.052734 2218.593018 3412.491211
6050.231934 2269.791748 3618.463623
6280.407227 2313.390869 3799.101318
6433.055176 2312.990723 3860.241943
6547.943848 2307.990723 3885.218262
6683.516113 2309.590820 3908.674072
6862.269531 2311.590820 3935.270996
7012.125977 2310.990723 3902.218750
7152.805664 2311.390625 3823.303223
7290.023438 2310.390625 3706.385010
7427.942383 2310.790771 3627.050293
7654.276367 2313.990723 3550.951416
7881.912109 2310.190674 3509.361572
8363.711914 2309.990723 3510.589111
8363.682617 2310.390625 3738.202148
30 1 0 0
-6285.416504 -1557.991211 -7031.855957
0
-76.822754 -224.196289 176.979980
-151.939941 -188.606934 71.770508
-553.668945 -187.809082 -227.587402
-938.168274 -112.816162 -459.007996
-1303.171387 -60.622803 -473.099121
-1656.891113 -24.025635 -361.019531
-1951.756836 -37.816162 -146.834961
-2176.632813 -65.803223 -12.947754
-2628.628906 -215.980469 456.127930
-2812.278564 -303.558594 914.383850
-2801.718750 -324.747070 1066.785645
-2776.852539 -323.141113 1276.977539
-2758.335938 -306.532227 1377.682129
-2698.237305 -766.530396 1663.460205
-2654.101318 -910.079346 1872.880859
-2630.349121 -717.787354 1981.225220
-2491.421143 -751.663208 1989.777710
-2389.153809 -689.542236 1938.119019
-2285.432373 -715.122070 1869.700684
-1886.138550 -330.410828 1614.812500
-1862.521851 -328.907593 1598.702393
-1791.820313 -355.006042 1565.295776
-1477.088135 -253.102600 1457.710449
-1140.661133 -224.800964 1388.549805
-917.685974 -188.497986 1339.122437
-699.400940 -187.296570 1172.195923
-565.850952 -188.695313 895.455627
-470.796906 -188.295288 689.027039
-326.256226 -187.895264 511.773712
-184.793564 -270.700317 311.115906
-74.026077 -224.297485 174.807983
-76.822754 864.213501 176.979980
-151.939941 832.602478 71.770508
-553.668945 733.998596 -227.587402
-938.168274 643.790283 -459.007996
-1303.171387 466.380798 -473.099121
-1656.891113 275.974365 -361.019531
-1951.756836 262.183838 -146.834961
-2176.632813 234.196777 -12.947754
-2628.628906 84.019531 456.127930
-2812.278564 -3.558594 914.383850
-2801.718750 -24.747070 1066.785645
-2776.852539 -23.141113 1276.977539
-2758.335938 -6.532227 1377.682129
-2698.237305 5.277832 1663.460205
-2654.101318 -90.673904 1872.880859
-2630.349121 -165.784943 1981.225220
-2491.421143 -199.660065 1989.777710
-2389.153809 -165.540314 1938.119019
-2285.432373 -74.916138 1869.700684
-1886.138550 -30.410828 1614.812500
-1862.521851 -28.907593 1598.702393
-1791.820313 -55.006042 1565.295776
-1477.088135 46.897400 1457.710449
-1140.661133 75.199036 1388.549805
-917.685974 111.502014 1339.122437
-699.400940 347.904388 1172.195923
-565.850952 576.109619 895.455627
-470.796906 712.312012 689.027039
-326.256226 760.312866 511.773712
-184.793564 809.108521 311.115906
-74.026077 872.312439 174.807983
1 1 0 0
-8724.511719 -1971.991455 -4934.787109
0
149.021973 -280.399628 -232.510834
307.800018 -280.399628 -47.099552
149.021973 44.000122 -232.510834
307.800018 45.400402 -47.099552
1 1 0 0
-9124.632813 -1971.991211 -5253.200195
0
-133.642059 -299.199921 -82.996071
155.957458 -295.999908 -109.080917
-133.641098 129.799469 -82.989464
155.957458 130.599838 -109.080917
1 1 0 0
-3021.215820 -450.990601 -4743.182617
0
334.343079 -192.185394 895.619263
-16.754883 -227.784561 -117.701660
334.343079 350.213989 895.619263
-16.754883 335.014801 -117.701660
1 1 0 0
-8367.870117 -2283.990723 -3595.122070
0
-118.211914 -384.142975 232.587158
-104.198242 -198.802628 -122.064941
-118.211914 95.259033 232.587158
-104.198242 365.796875 -122.064941
1 1 0 0
-2062.964111 -451.003998 -3919.518799
0
330.702393 -112.585274 -281.491211
-678.949158 -60.784317 32.905132
330.702393 561.213867 -281.491211
-678.949158 568.215149 32.905132
13 1 0 0
-8325.445313 -2428.991211 -3596.376221
0
-153.134766 -169.191650 -156.999512
213.148438 -220.797852 -107.546387
325.180176 -232.197998 -105.654541
479.607422 -237.394043 -111.880127
615.989746 -268.387207 -104.741699
732.951172 -280.979004 -39.402588
793.578125 -323.770020 58.192627
806.607910 -335.366455 143.975586
771.596191 -346.158691 192.711182
699.806152 -352.952637 246.961182
310.733887 -360.550537 293.651123
74.025391 -369.346924 225.705322
-160.636719 -422.334229 233.841309
-568.596680 -345.934814 414.698975
-153.134766 130.808350 -156.999512
213.148438 79.202148 -107.546387
325.180176 67.802002 -105.654541
479.607422 62.605957 -111.880127
615.989746 31.612793 -104.741699
732.951172 19.020996 -39.402588
793.578125 -23.770020 58.192627
806.607910 -35.366455 143.975586
771.596191 -46.158691 192.711182
699.806152 -52.952637 246.961182
310.733887 -60.550537 293.651123
74.025391 -69.346924 225.705322
-160.636719 -122.334229 233.841309
-568.596680 -45.934814 414.698975
13 1 0 0
-337.387848 -255.990692 -2260.637939
0
-358.923035 -143.612457 -78.511963
-256.125061 -142.211777 -64.385742
-169.345123 -136.811035 -99.425293
28.294647 -114.610916 -199.809570
146.133331 -90.410172 -270.168457
261.145111 -71.609970 -375.934570
318.966003 -63.409580 -503.692383
351.748322 -72.608910 -676.634277
339.530060 -87.408325 -879.729980
274.689941 -77.208000 -1024.653564
150.589279 -111.607231 -1121.858154
60.532867 -117.606560 -1181.199219
-28.130219 -125.405930 -1210.320313
-149.985199 -145.405350 -1205.255859
-358.923035 156.387573 -78.511963
-256.125061 157.788269 -64.385742
-169.345123 163.188980 -99.425293
28.294647 185.389160 -199.809570
146.133331 209.589844 -270.168457
261.145111 228.390335 -375.934570
318.966003 236.590729 -503.692383
351.748322 227.391312 -676.634277
339.530060 212.591766 -879.729980
274.689941 222.792007 -1024.653564
150.589279 188.392776 -1121.858154
60.532867 182.393448 -1181.199219
-28.130219 174.594101 -1210.320313
-149.985199 154.594803 -1205.255859
