20 3
59 1 0 0
-11240.243164 -2435.942383 -794.893372
1
-107.934830 0.600000 -85.078636
-436.673065 0.600000 -109.285477
-709.297180 0.600000 -13.331481
-889.571533 0.600000 154.868790
-1015.772339 0.600000 342.139099
-1327.459106 0.400000 342.893311
-1556.060425 0.000000 130.899231
-1672.276367 -0.000001 -51.743614
-1681.757202 -0.400001 -246.641663
-1706.397583 -1.200002 -525.487000
-1670.638306 -2.000002 -799.958557
-1582.999878 -1.200002 -1196.866699
-1424.091187 -1.600003 -1509.200806
-1177.362549 -1.000003 -1890.814941
-1108.396606 -0.400003 -2237.875488
-1224.348755 0.199997 -2870.112305
-1513.314819 0.599998 -3224.102783
-1858.515625 1.399998 -3581.362549
-2435.747314 1.999998 -3792.247070
-3233.205811 2.599998 -3833.072998
-3985.931152 3.199998 -3779.071533
-4858.900391 3.799998 -2997.733643
-5671.795898 4.399999 -1511.306885
-6068.298340 0.799999 -1067.135498
-6332.937988 1.000000 -826.574097
-6515.306641 36.600067 -590.748718
-6626.490234 83.599960 -425.462433
-6735.974609 117.400055 -282.882263
-6896.938477 158.600037 -129.814285
-7014.727539 167.600510 -42.802536
-7090.636230 175.401001 17.798870
-7272.537109 189.401398 139.393280
-7529.419434 184.802078 183.141220
-8032.361816 187.602646 133.798080
-8214.810547 200.403061 206.041199
-8394.002930 207.403564 307.854248
-8556.635742 197.804321 513.036377
-8401.716797 205.204819 664.082031
-8198.778320 222.005173 829.192505
-7995.834961 232.405624 947.899231
-7817.868164 234.806198 1014.616028
-7540.831543 246.206635 1043.038330
-7335.311035 253.806992 1057.275269
-7069.255859 275.808228 1024.062622
-6700.063965 343.212219 1044.031982
-6379.738770 412.216309 1058.715210
-5985.848145 473.419922 1089.664795
-5808.074219 475.419922 1110.614014
-5677.078613 458.018738 1177.827026
-5571.178711 429.216858 1303.177979
-5570.236328 415.815918 1413.272705
-5610.124512 405.415161 1522.080444
-5696.840820 385.213806 1644.010986
-5854.333984 317.609558 1785.513794
-6065.342285 264.405731 1957.163086
-6210.651367 243.801407 2116.986572
-6322.570313 182.197708 2342.707275
-6398.162109 140.393707 2531.402588
-6504.234863 64.790222 2683.229980
-6693.280273 -18.813269 2808.268311
89.598900 0.600000 127.154770
47.003342 0.000000 449.015564
-168.447739 0.400000 850.598022
-536.838684 0.800000 1060.332031
-1058.003418 1.200000 922.774475
-1452.634888 0.400000 1110.669556
-1669.317383 0.599999 1209.159912
-2011.064697 0.599999 1269.016113
-2255.891846 1.199998 1272.694458
-2517.543701 1.799997 1271.257813
-2757.414307 2.799996 1168.498291
-3139.204834 3.399996 1012.182678
-3389.278076 2.799995 832.321411
-3491.032471 1.599995 625.299255
-3548.119141 1.199994 288.622986
-3594.690430 1.599994 -27.657644
-3610.546631 0.599994 -207.017700
-3638.056152 1.199994 -286.717010
-3941.303467 -0.400007 -644.331604
-4268.384766 -0.800007 -772.609009
-4541.402832 -1.200007 -883.742920
-4852.481445 -0.600007 -913.407837
-5361.044434 0.599993 -871.348083
-5862.889648 0.199993 -721.875244
-6096.743164 0.599993 -616.018799
-6308.867676 35.400055 -423.350677
-6438.667969 87.199860 -234.889420
-6540.931152 117.000000 -100.453987
-6674.566895 155.200012 40.183475
-6837.472168 181.200211 230.924759
-6884.114746 207.200409 312.166626
-6931.086426 202.401077 357.720978
-7045.354980 214.601486 410.100952
-7182.823242 229.001862 461.752197
-7189.703125 231.802414 476.003387
-7200.481934 233.402985 514.489075
-7264.426758 239.803482 654.479370
-7229.615234 244.804001 722.263733
-7219.897949 249.804520 731.896484
-7178.400391 248.005142 774.359924
-7098.488770 249.605713 803.499268
-6999.147949 255.806229 807.366699
-6974.904785 262.806854 808.975952
-6856.324219 275.007813 793.835876
-6573.593750 332.411530 777.843750
-6206.000000 408.816406 791.188782
-5635.406738 508.022675 842.179810
-5268.550293 542.224976 917.901917
-4951.651367 575.227173 1045.033081
-4651.863281 608.229370 1212.943237
-4776.620605 559.826599 1439.212036
-4995.027832 523.024536 1640.110352
-5240.230957 453.620483 1763.273071
-5595.357422 341.013794 1926.612549
-5810.936523 285.408478 2107.332520
-5975.393555 243.202957 2245.640869
-6064.734863 180.997742 2439.182617
-6079.919922 141.192184 2644.008301
-6100.910645 64.587189 2922.896973
-6431.752441 0.182186 3017.196289
8 1 0 0
-17931.562500 -2545.941895 2046.506470
1
0.483093 0.000000 -37.721561
-195.876297 -0.600000 24.459129
-348.448212 -1.200000 27.397814
-545.163940 0.600001 -10.461330
-655.660034 0.200001 -63.513744
-713.126831 7.400000 -108.723816
-772.085938 -2.399993 -184.771347
-854.691711 -10.199986 -280.602478
-916.961304 -21.599987 -413.758453
192.613770 -28.200035 120.863701
113.872406 -24.400021 369.243408
-68.798393 -27.800034 387.076111
-241.783661 -12.199994 432.883331
-479.563110 -4.399954 355.369476
-479.752533 -4.799915 384.762878
-674.531250 1.600129 287.751740
-762.587280 -7.999824 37.504723
-861.366028 -16.999756 -219.360214
5 1 0 0
-17712.246094 -2545.942383 2232.616211
1
-26.105639 -28.200035 -69.926903
-106.078011 -24.600021 182.446609
-285.779877 -27.600033 200.211334
-461.297180 -12.399993 246.454422
-479.566589 -12.599947 239.429001
-699.478699 -4.599909 169.124115
59.224434 -28.199982 -2.612354
-18.743883 -19.400002 265.394012
-98.724724 -19.600031 388.989136
-272.467529 19.199945 445.744568
-464.142090 26.799805 371.101044
-699.326599 -4.000394 199.500549
57 1 0 0
-17478.568359 -2406.942383 2197.413818
1
-193.982758 -28.200035 24.798080
-197.548172 -29.200039 37.893993
-252.347412 -37.200069 295.885254
-331.595825 -36.600067 426.487610
-504.655029 -37.000069 483.658508
-703.944397 -57.800148 405.603088
-794.137268 -90.000084 337.951202
-932.633667 -143.599701 234.304153
-1124.609253 -138.199600 137.546524
-1369.269653 -162.399048 -567.118042
-1443.611938 -162.198868 -676.835083
-1519.916504 -162.798676 -777.710876
-1569.344360 -161.998230 -825.981323
-1654.680420 -162.597763 -908.180664
-1800.372437 -198.796753 -1012.942200
-1965.492554 -217.996002 -1162.079346
-2166.142090 -264.395477 -1297.087891
-2429.346680 -312.195038 -1391.608765
-2741.661865 -378.395721 -1418.228882
-3011.813721 -424.195160 -1450.430420
-3297.413330 -473.994843 -1552.429321
-3514.767578 -527.994812 -1681.072266
-3691.039551 -625.397400 -1920.794800
-3719.472656 -722.199951 -2234.717285
-3718.608154 -722.401245 -2487.926025
-3644.798096 -667.402283 -2799.952148
-3384.684326 -666.803833 -3187.898926
-3268.292725 -587.803467 -3591.406006
-3212.314453 -529.604370 -3871.479492
-3303.506348 -530.208862 -4189.068359
-3840.387695 -589.216370 -4279.049805
-4189.340332 -668.025085 -4230.736816
-4530.334473 -707.632874 -4213.908203
-4867.749512 -729.640991 -4212.548340
-5253.100586 -743.449158 -4221.143555
-5584.278809 -791.459412 -4218.458496
-5895.693848 -791.666748 -4119.743652
-6203.365723 -788.673889 -3874.108154
-6347.998047 -785.681030 -3648.304932
-6430.180664 -799.689209 -3391.627441
-6253.184082 -813.697388 -3193.496338
-6020.330566 -832.105835 -3142.541504
-5793.057617 -851.314331 -3142.730957
-5621.374023 -878.523315 -3103.121094
-5442.430176 -875.930481 -2949.714600
-5360.336914 -883.338257 -2751.691406
-5299.142578 -878.346130 -2382.538330
-5426.326172 -879.154358 -2047.941650
-5601.230957 -878.562500 -1819.807983
-5840.823242 -878.770691 -1653.767578
-6340.118652 -878.978882 -1808.572510
-6749.648926 -879.187073 -1826.875488
-7211.499512 -878.795227 -1477.283569
-7640.222168 -878.603394 -862.546753
-7742.832520 -878.411560 -332.231934
-7995.018066 -908.419434 244.130356
-8122.947266 -878.027893 636.656433
-8267.278320 -1033.644287 1085.336182
137.197723 36.000065 -70.329865
87.767838 -28.400036 159.319427
4.974714 -28.600574 545.003113
-146.243835 -29.001114 688.791199
-289.818787 -28.201649 760.493164
-476.234467 -28.802189 808.191711
-672.050354 -28.202724 744.190002
-821.705994 -71.203506 669.668640
-992.841797 -93.804527 506.880035
-1121.715820 -131.805313 372.667999
-1287.053101 -160.006241 141.377350
-1409.127686 -162.007568 -100.576721
-1468.540161 -163.008636 -236.492355
-1662.389648 -162.609726 -537.272034
-1890.698242 -197.810272 -726.168457
-2112.231934 -218.811035 -909.212891
-2305.563721 -265.612152 -1077.971069
-2548.859619 -312.213257 -1145.744141
-2880.104004 -379.615631 -1176.443237
-3217.306152 -423.616577 -1189.970825
-3574.886475 -473.617889 -1320.605347
-3817.687256 -527.419434 -1585.823242
-4013.906494 -626.223694 -1923.940918
-4040.195801 -720.027649 -2266.909912
-4041.643311 -722.230652 -2557.204346
-3966.649902 -667.433289 -2905.462402
-3799.169678 -667.436279 -3310.257324
-3844.237061 -667.439270 -3476.531250
-3906.530762 -667.842285 -3591.936768
-4003.127930 -667.045227 -3758.930908
-4112.157715 -667.448242 -3853.394531
-4265.147461 -667.251221 -3927.447998
-4567.133789 -707.856689 -3972.529785
-4858.058594 -730.262451 -3999.859863
-5231.491699 -743.267639 -4010.861328
-5555.837402 -790.674927 -3968.963135
-5750.328125 -790.879333 -3878.165039
-5872.215820 -791.283752 -3779.416260
-5980.044922 -791.088135 -3677.665527
-5938.073730 -800.093079 -3559.442383
-5828.481445 -817.698547 -3462.809814
-5705.767090 -832.103821 -3413.924561
-5580.457031 -852.109436 -3402.413330
-5379.270020 -878.915466 -3318.551270
-5060.685547 -878.519836 -3074.091064
-4914.696289 -874.123962 -2789.776123
-4857.847656 -878.128601 -2320.138672
-4959.724609 -878.933044 -1895.364258
-5182.272949 -878.737427 -1553.235596
-5486.017578 -878.741821 -1191.876099
-5540.943848 -878.746216 -784.578247
-5648.072754 -879.150635 -402.401733
-5786.974609 -878.755005 -47.843288
-5983.195313 -878.959412 281.731445
-6262.554199 -879.163818 574.017761
-6586.158203 -908.169434 942.006531
-6975.028320 -907.974365 1348.225342
-7384.686035 -1030.384521 1655.455566
23 1 0 2
-12757.028320 -2438.942871 188.650314
1
68.729164 0.000000 68.082977
-142.957108 0.000000 88.489517
-442.284302 0.000000 70.165749
-847.612488 0.000000 -66.694878
-1039.847290 0.000000 -185.027267
-1252.311646 0.000000 -356.877075
-1413.752319 0.000000 -523.090271
-1548.531006 0.000000 -711.149109
-1633.553833 0.000000 -1006.080566
-1811.211426 0.000000 -1313.993774
-1848.709961 0.000000 -1567.317871
-1667.757080 0.000000 -1792.553955
-1516.182129 0.000000 -2059.987061
-1512.617920 0.000000 -2087.096436
-1511.566406 0.000000 -2120.963867
-1557.662354 0.000000 -2518.782715
-1747.276611 0.000000 -2960.600830
-2133.476074 0.000000 -3164.815430
-2645.476318 0.000000 -3096.829346
-2933.510498 0.000000 -2897.570313
-3219.351563 0.000000 -2567.514404
-3314.738037 0.000000 -2268.040771
-3619.006836 0.000000 -2082.615234
-3850.321533 0.000000 -1846.893677
64.647034 0.000000 127.180122
-132.565170 0.000000 221.810593
-494.936310 0.000000 296.230042
-1006.720703 0.000000 297.503876
-1279.718384 0.000000 200.186844
-1651.385254 0.000000 47.448128
-1912.105713 0.000000 -115.987953
-1999.999146 0.000000 -347.693512
-2039.742798 0.000000 -691.169373
-2099.605469 0.000000 -1017.987183
-2134.380859 0.000000 -1279.302002
-2313.058105 0.000000 -1441.501953
-2467.667480 0.000000 -1616.650146
-2803.028320 0.000000 -1748.239868
-3050.069824 0.000000 -1863.552979
-3091.968994 0.000000 -1875.338257
-3140.293945 0.000000 -1870.276367
-3188.619385 0.000000 -1865.214233
-3236.944824 0.000000 -1860.152100
-3285.270264 0.000000 -1855.089966
-3333.595703 0.000000 -1850.027832
-3381.921143 0.000000 -1844.965698
-3510.269287 0.000000 -1863.039551
-3597.362793 0.000000 -1827.379028
17 1 0 2
-12655.512695 -2438.942383 -531.389648
1
97.686707 0.000000 81.512932
-56.013931 0.000000 -69.038315
-127.533363 0.000000 -146.746979
-174.510818 0.000000 -241.277573
-252.306519 0.000000 -320.058929
-255.785110 0.000000 -400.241516
-261.145874 0.000000 -488.602966
-266.506653 0.000000 -576.964417
-211.123825 0.000000 -1060.772827
261.503113 0.000000 -2144.232178
349.309753 0.000000 -2497.501465
213.691315 0.000000 -3152.683838
-450.560455 0.000000 -3880.728760
-991.856018 0.000000 -4067.486328
-1819.580566 0.000000 -4114.442383
-2559.211426 0.000000 -4078.146240
-3360.643066 0.000000 -3352.324219
-3426.346436 0.000000 -3269.365479
47.821976 0.000000 125.789330
-129.231552 0.000000 117.675491
-324.982391 0.000000 86.823097
-429.674683 0.000000 24.158539
-575.319946 0.000000 -73.177132
-704.426086 0.000000 -172.979584
-879.508301 0.000000 -399.522095
-973.429993 0.000000 -537.034851
-1016.477783 0.000000 -728.475159
-989.285339 0.000000 -1000.588196
-870.903320 0.000000 -1501.290039
-635.881165 0.000000 -2389.501953
-867.514526 0.000000 -3019.136475
-1367.202637 0.000000 -3431.059326
-2013.369507 0.000000 -3668.917236
-2687.769775 0.000000 -3636.591309
-3333.209473 0.000000 -3202.552002
-3433.165039 0.000000 -3189.260742
2 1 0 2
-13650.026367 -2440.941406 -2219.256592
1
-35.971378 0.000000 141.333481
58.964020 0.000000 84.309235
24.800480 0.000000 9.388391
-101.031769 0.000000 116.958099
-128.690384 0.000000 9.668950
-42.272797 0.000000 -17.518129
2 1 0 2
-14033.941406 -2440.940918 -1997.330933
1
11.104820 0.000000 86.804497
30.013365 0.000000 32.473305
-14.506855 0.000000 -26.713488
-67.354225 0.000000 109.801254
-121.115959 0.000000 65.356804
-91.090462 0.000000 -3.528143
2 1 0 2
-14061.897461 -2440.940918 -2660.535889
1
45.096996 0.000000 114.560219
57.538460 0.000000 -12.758245
-73.379906 0.000000 -93.476921
-79.727592 0.000000 191.774979
-163.047623 0.000000 111.067352
-187.544128 0.000000 -11.262723
2 1 0 2
-13931.310547 -2440.940918 -3142.882813
1
56.576092 0.000000 72.379517
38.461353 0.000000 -17.160650
-66.997887 0.000000 -38.914749
-31.015022 0.000000 141.049561
-127.695923 0.000000 112.122635
-126.165543 0.000000 17.305290
2 1 0 2
-13922.069336 -2440.940918 -3663.288330
1
35.928093 0.000000 97.843025
40.973167 0.000000 -32.532047
-43.795845 0.000000 -83.024788
-71.646866 0.000000 159.872849
-162.599228 0.000000 113.584290
-158.355255 0.000000 -14.410064
2 1 0 2
-14633.121094 -2440.940918 -3362.118896
1
-6.806949 0.000000 124.749123
48.840134 0.000000 29.991955
12.693865 0.000000 -30.646044
-101.325211 0.000000 133.062515
-121.484612 0.000000 45.505276
-74.818222 0.000000 -29.345726
2 1 0 2
-14498.697266 -2440.940918 -3806.292725
1
10.209485 0.000000 80.676537
32.805504 0.000000 -2.734675
-44.534962 0.000000 -49.766155
-58.844784 0.000000 113.961113
-112.770721 0.000000 76.039986
-106.956291 0.000000 9.927523
2 1 0 2
-15259.650391 -2440.940918 -3627.130127
1
33.305614 0.000000 61.488007
32.561752 0.000000 -17.889853
-56.727184 0.000000 -48.456306
-15.051126 0.000000 138.434982
-93.010513 0.000000 117.551384
-116.306740 0.000000 13.483844
2 1 0 2
-15893.459961 -2440.940918 -2790.780273
1
94.066025 0.000000 50.786522
1.673076 0.000000 -65.342087
-118.056641 0.000000 -46.791737
8.149900 0.000000 190.027298
-98.626846 0.000000 142.910645
-157.976898 0.000000 55.412533
2 1 0 2
-16451.447266 -2440.940918 -2772.778809
1
25.328682 0.000000 148.755554
100.750092 0.000000 -53.698563
12.994655 0.000000 -145.532333
-104.508141 0.000000 170.767365
-163.017014 0.000000 71.595253
-91.937881 0.000000 -114.340607
4 3 0 1
-18587.427734 -2197.941406 -257.741425
1
263.366394 -17.599995 -114.726067
28.215588 -9.799998 -100.670837
-314.253448 -17.199965 -143.380386
-570.403748 -23.200010 -192.026367
-678.165405 -12.599985 -137.207397
217.573486 1.000000 -84.744263
9.537722 0.800000 -69.399971
-335.015564 -9.199999 -112.218361
-657.380615 -9.599977 -134.841949
-797.884094 -21.000008 -71.952774
160.297424 13.199991 226.352234
-70.382660 13.999998 162.819977
-297.897736 -0.799992 181.624237
-595.144104 -4.399988 108.300766
-706.888184 -21.799919 56.770924
245.795670 11.999830 266.854187
-113.007568 4.399864 262.342834
-381.542969 -2.399998 226.856339
-467.082672 -10.199968 159.417053
-612.282349 -18.999825 122.206833
3 4 0 1
-16684.732422 -1969.941895 463.372223
1
-350.873169 11.399991 -148.872131
-324.493866 2.800001 -117.989777
-209.610199 -69.600060 314.489014
-253.079163 -80.800285 383.015625
-241.952713 18.600000 -140.218979
-238.738907 21.000002 -105.686218
-112.799957 -46.600025 250.479721
-109.849792 -50.400013 280.356415
-55.134842 25.599957 -98.208603
-51.922298 38.000031 -63.671124
61.504578 -13.599994 197.239838
49.697266 -17.199982 231.258698
139.884567 66.400078 -87.940109
344.157288 54.200058 6.681184
314.732971 33.000053 152.233978
199.787674 10.199995 205.147507
367.667328 68.200371 -27.661324
447.207062 69.800125 36.584095
400.488312 49.600056 139.873413
316.777161 30.399944 198.852631
4 3 0 1
-21248.875000 -3055.942139 -1396.017822
1
-30.283012 -17.749990 281.711639
40.134422 -14.349988 165.841141
130.541794 16.249985 64.645126
179.969528 39.050076 -95.918671
181.158554 59.650150 -194.094345
-47.217976 -17.749990 267.543945
51.285336 -3.549998 114.987473
92.574806 22.450014 10.267604
176.872452 53.250183 -121.021225
225.481964 65.850136 -302.095184
-408.842346 9.533340 -276.177338
-256.926697 9.533340 -238.009445
-79.395882 28.933384 -239.641647
100.670898 42.133385 -244.335571
209.959122 63.533543 -317.156281
-509.485535 -15.266632 -339.218353
-320.191010 -12.666655 -292.018311
-129.567963 8.333341 -276.547943
10.491579 29.133396 -282.699341
121.734741 47.533321 -292.641846
3 3 1 1
-23522.439453 -3055.942627 -1435.439819
1
72.098900 -141.399734 -50.971233
-17.112926 -145.199478 18.992006
-109.328255 -150.799225 147.522858
-146.359756 -154.198990 185.535385
114.930626 -140.999741 68.521713
30.879969 -140.799744 80.209732
-91.683525 -140.599747 187.957718
-151.408646 -156.399765 207.259460
229.587006 -162.399628 147.814896
76.110512 -157.599701 145.613724
-32.665207 -152.799774 192.720123
-128.756653 -158.399689 216.453125
338.999969 -182.800079 217.737854
149.996460 -166.399567 192.594421
5.693721 -162.599075 216.758545
-80.671227 -160.398575 218.374969
115 1 0 0
-11071.194336 -2435.942871 -649.056641
0
-79.449928 -4.399512 -18.681961
-122.045486 -4.999512 303.178833
-337.496582 -4.599512 704.761292
-705.887512 -4.199512 914.495300
-1227.052246 -3.799512 776.937744
-1621.683716 -4.599512 964.832825
-1838.366211 -4.399513 1063.323242
-2180.113525 -4.399513 1123.179443
-2424.940674 -3.799514 1126.857666
-2686.592529 -3.199515 1125.421143
-2926.463135 -2.199516 1022.661560
-3308.253662 -1.599516 866.345947
-3558.326904 -2.199517 686.484680
-3660.081299 -3.399517 479.462524
-3717.167969 -3.799518 142.786255
-3763.739258 -3.399518 -173.494370
-3779.595459 -4.399518 -352.854431
-3807.104980 -3.799518 -432.553741
-4110.352539 -5.399519 -790.168335
-4437.433594 -5.799519 -918.445740
-4710.451660 -6.199519 -1029.579590
-5021.530273 -5.599519 -1059.244629
-5530.093262 -4.399519 -1017.184814
-6031.938477 -4.799519 -867.711975
-6265.791992 -4.399519 -761.855530
-6477.916504 30.400543 -569.187378
-6607.716797 82.200348 -380.726135
-6709.979980 112.000488 -246.290710
-6843.615723 150.200500 -105.653259
-7006.520996 176.200699 85.088028
-7053.163574 202.200897 166.329895
-7100.135254 197.401566 211.884247
-7214.403809 209.601974 264.264221
-7351.872070 224.002350 315.915466
-7358.751953 226.802902 330.166656
-7369.530762 228.403473 368.652344
-7433.475586 234.803970 508.642639
-7398.664063 239.804489 576.427002
-7388.946777 244.805008 586.059753
-7347.449219 243.005630 628.523193
-7267.537598 244.606201 657.662537
-7168.196777 250.806717 661.529968
-7143.953613 257.807343 663.139221
-7025.373047 270.008301 647.999146
-6742.642578 327.412018 632.007019
-6375.048828 403.816895 645.352051
-5804.455566 503.023163 696.343079
-5437.599121 537.225464 772.065186
-5120.700195 570.227661 899.196350
-4820.912109 603.229858 1067.106445
-4945.669434 554.827087 1293.375244
-5164.076660 518.025024 1494.273682
-5409.279785 448.620972 1617.436279
-5764.406250 336.014282 1780.775879
-5979.985352 280.408966 1961.495850
-6144.442383 238.203445 2099.804199
-6233.783691 175.998230 2293.345947
-6248.968750 136.192673 2498.171631
-6269.959473 59.587677 2777.060303
-6319.605957 -4.399548 3005.789795
-6402.399414 -4.600086 3391.473633
-6553.617676 -5.000626 3535.261719
-6697.192871 -4.201160 3606.963623
-6883.608398 -4.801701 3654.662109
-7079.424316 -4.202236 3590.660400
-7229.080078 -47.203018 3516.139160
-7400.215820 -69.804039 3353.350586
-7529.089844 -107.804825 3219.138428
-7694.427246 -136.005753 2987.847900
-7816.501953 -138.007080 2745.893799
-7875.914063 -139.008148 2609.978027
-8069.763672 -138.609238 2309.198486
-8298.072266 -173.809784 2120.302002
-8519.605469 -194.810547 1937.257568
-8712.937500 -241.611664 1768.499390
-8956.233398 -288.212769 1700.726318
-9287.478516 -355.615143 1670.027222
-9624.679688 -399.616089 1656.499634
-9982.260742 -449.617401 1525.865112
-10225.061523 -503.418945 1260.647217
-10421.280273 -602.223206 922.529541
-10447.570313 -696.027161 579.560547
-10449.017578 -698.230164 289.266113
-10374.023438 -643.432800 -58.991943
-10206.543945 -643.435791 -463.786865
-10251.611328 -643.438782 -630.060791
-10313.904297 -643.841797 -745.466309
-10410.501953 -643.044739 -912.460449
-10519.531250 -643.447754 -1006.924072
-10672.521484 -643.250732 -1080.977539
-10974.507813 -683.856201 -1126.059326
-11265.432617 -706.261963 -1153.389404
-11638.865234 -719.267151 -1164.390869
-11963.210938 -766.674438 -1122.492676
-12157.702148 -766.878845 -1031.694580
-12279.589844 -767.283264 -932.945801
-12387.418945 -767.087646 -831.195068
-12345.447266 -776.092590 -712.971924
-12235.855469 -793.698059 -616.339355
-12113.140625 -808.103333 -567.454102
-11987.831055 -828.108948 -555.942871
-11786.644531 -854.914978 -472.080811
-11468.059570 -854.519348 -227.620605
-11322.070313 -850.123474 56.694336
-11265.221680 -854.128113 526.331787
-11367.098633 -854.932556 951.106201
-11589.646484 -854.736938 1293.234863
-11893.391602 -854.741333 1654.594360
-11948.318359 -854.745728 2061.892090
-12055.447266 -855.150146 2444.068848
-12194.348633 -854.754517 2798.627197
-12390.569336 -854.958923 3128.201904
-12669.927734 -855.163330 3420.488281
-12993.532227 -884.168945 3788.477051
-13382.402344 -883.973877 4194.695801
-13792.060547 -1006.384033 4501.925781
-79.449928 295.600494 -18.681961
-122.045486 295.000488 303.178833
-337.496582 295.400482 704.761292
-705.887512 295.800476 914.495300
-1227.052246 296.200500 776.937744
-1621.683716 295.400482 964.832825
-1838.366211 295.600494 1063.323242
-2180.113525 295.600494 1123.179443
-2424.940674 296.200500 1126.857666
-2686.592529 296.800476 1125.421143
-2926.463135 297.800476 1022.661560
-3308.253662 298.400482 866.345947
-3558.326904 297.800476 686.484680
-3660.081299 296.600494 479.462524
-3717.167969 296.200470 142.786255
-3763.739258 296.600494 -173.494370
-3779.595459 295.600494 -352.854431
-3807.104980 296.200470 -432.553741
-4110.352539 294.600494 -790.168335
-4437.433594 294.200470 -918.445740
-4710.451660 293.800476 -1029.579590
-5021.530273 294.400482 -1059.244629
-5530.093262 295.600494 -1017.184814
-6031.938477 295.200470 -867.711975
-6265.791992 295.600494 -761.855530
-6477.916504 330.400543 -569.187378
-6607.716797 382.200348 -380.726135
-6709.979980 412.000488 -246.290710
-6843.615723 450.200500 -105.653259
-7006.520996 476.200684 85.088028
-7053.163574 502.200897 166.329895
-7100.135254 497.401550 211.884247
-7214.403809 509.601990 264.264221
-7351.872070 524.002319 315.915466
-7358.751953 526.802917 330.166656
-7369.530762 528.403442 368.652344
-7433.475586 534.803955 508.642639
-7398.664063 539.804504 576.427002
-7388.946777 544.804993 586.059753
-7347.449219 543.005615 628.523193
-7267.537598 544.606201 657.662537
-7168.196777 550.806702 661.529968
-7143.953613 557.807373 663.139221
-7025.373047 570.008301 647.999146
-6742.642578 627.411987 632.007019
-6375.048828 703.816895 645.352051
-5804.455566 803.023193 696.343079
-5437.599121 837.225464 772.065186
-5120.700195 870.227661 899.196350
-4820.912109 903.229858 1067.106445
-4945.669434 854.827087 1293.375244
-5164.076660 818.025024 1494.273682
-5409.279785 748.620972 1617.436279
-5764.406250 636.014282 1780.775879
-5979.985352 580.408936 1961.495850
-6144.442383 538.203430 2099.804199
-6233.783691 475.998230 2293.345947
-6248.968750 436.192688 2498.171631
-6269.959473 359.587677 2777.060303
-6319.605957 295.600464 3005.789795
-6402.399414 295.399902 3391.473633
-6553.617676 294.999390 3535.261719
-6697.192871 295.798828 3606.963623
-6883.608398 295.198303 3654.662109
-7079.424316 295.797760 3590.660400
-7229.080078 252.796982 3516.139160
-7400.215820 230.195953 3353.350586
-7529.089844 192.195175 3219.138428
-7694.427246 163.994247 2987.847900
-7816.501953 161.992920 2745.893799
-7875.914063 160.991852 2609.978027
-8069.763672 161.390762 2309.198486
-8298.072266 126.190216 2120.302002
-8519.605469 105.189453 1937.257568
-8712.937500 58.388336 1768.499390
-8956.233398 11.787231 1700.726318
-9287.478516 -55.615143 1670.027222
-9624.679688 -99.616089 1656.499634
-9982.260742 -149.617401 1525.865112
-10225.061523 -203.418945 1260.647217
-10421.280273 -302.223206 922.529541
-10447.570313 -396.027161 579.560547
-10449.017578 -398.230164 289.266113
-10374.023438 -343.432800 -58.991943
-10206.543945 -343.435791 -463.786865
-10251.611328 -343.438782 -630.060791
-10313.904297 -343.841797 -745.466309
-10410.501953 -343.044739 -912.460449
-10519.531250 -343.447754 -1006.924072
-10672.521484 -343.250732 -1080.977539
-10974.507813 -383.856201 -1126.059326
-11265.432617 -406.261963 -1153.389404
-11638.865234 -419.267151 -1164.390869
-11963.210938 -466.674438 -1122.492676
-12157.702148 -466.878845 -1031.694580
-12279.589844 -467.283264 -932.945801
-12387.418945 -467.087646 -831.195068
-12345.447266 -476.092590 -712.971924
-12235.855469 -493.698059 -616.339355
-12113.140625 -508.103333 -567.454102
-11987.831055 -528.108948 -555.942871
-11786.644531 -554.914978 -472.080811
-11468.059570 -554.519348 -227.620605
-11322.070313 -550.123474 56.694336
-11265.221680 -554.128113 526.331787
-11367.098633 -554.932556 951.106201
-11589.646484 -554.736938 1293.234863
-11893.391602 -554.741333 1654.594360
-11948.318359 -554.745728 2061.892090
-12055.447266 -555.150146 2444.068848
-12194.348633 -554.754517 2798.627197
-12390.569336 -554.958923 3128.201904
-12669.927734 -555.163330 3420.488281
-12993.532227 -584.168945 3788.477051
-13382.402344 -583.973877 4194.695801
-13792.060547 -706.384033 4501.925781
8 1 0 0
-17938.744141 -2729.942383 2212.042725
0
5.220703 -23.813269 -198.667725
266.748535 -4.817814 10.260254
262.627625 -5.200039 23.265087
207.828369 -13.200069 281.256348
128.579956 -12.600067 411.858704
-44.479248 -13.000069 469.029602
-243.768616 -33.800148 390.974182
-333.961487 -66.000084 323.322296
-472.457886 -119.599701 219.675247
5.220703 276.186737 -198.667725
266.748535 295.182190 10.260254
262.627625 294.799957 23.265087
207.828369 286.799927 281.256348
128.579956 287.399933 411.858704
-44.479248 286.999939 469.029602
-243.768616 266.199860 390.974182
-333.961487 233.999908 323.322296
-472.457886 180.400299 219.675247
109 1 0 0
-24069.423828 -3230.941895 468.428253
0
-158.793457 -60.187561 -97.889893
250.736816 -59.979370 -79.586914
750.032227 -59.771179 75.218018
989.624512 -59.562988 -90.822388
1164.529297 -60.154846 -318.956055
1291.712891 -59.346619 -653.552734
1230.518555 -64.338745 -1022.705811
1148.425293 -56.930969 -1220.729004
969.481445 -59.523804 -1374.135498
797.797852 -32.314819 -1413.745361
570.524902 -13.106323 -1413.555908
337.671387 5.302124 -1464.510742
160.674805 19.310303 -1662.641846
242.857422 33.318481 -1919.319336
387.489746 30.325623 -2145.122559
695.161621 27.332764 -2390.758057
1006.576660 27.540100 -2489.472900
1337.754883 75.550354 -2492.157959
1723.105957 89.358521 -2483.562744
2060.520996 111.366638 -2484.922607
2401.515137 150.974426 -2501.751221
2750.467773 229.783142 -2550.064209
3287.349121 288.790649 -2460.082764
3378.541016 289.395142 -2142.493896
3322.562744 231.196045 -1862.420410
3206.171143 152.195679 -1458.913330
2946.057373 151.597229 -1070.966553
2872.247314 96.598267 -758.940430
2871.382813 96.799561 -505.731689
2899.815918 193.602112 -191.809204
3076.087891 291.004700 47.913330
3293.442139 345.004669 176.556274
3579.041748 394.804352 278.555176
3849.193604 440.603790 310.756714
4161.508789 506.804474 337.376831
4424.713379 554.604004 431.897705
4625.362793 601.003540 566.906250
4790.482910 620.202759 716.043396
4936.174805 656.401733 820.804932
5021.511230 657.001282 903.004272
5070.938965 656.200806 951.274719
5147.243652 656.800659 1052.150513
5221.585938 656.600464 1161.867554
5283.169434 669.799988 1297.475830
5365.775391 677.600037 1393.306885
5424.734375 687.400024 1469.354492
5482.201172 680.200012 1514.564453
5592.697266 680.599976 1567.616943
5789.413086 678.799988 1605.476074
5941.984863 679.400024 1602.537354
6138.344238 680.000000 1540.356689
6324.945801 854.789734 1419.908325
6431.018555 930.393188 1268.080933
6506.610352 972.197205 1079.385620
6618.529297 1033.800903 853.664917
6763.838379 1054.405273 693.841431
6974.846680 1107.609131 522.192139
7132.339844 1175.213379 380.689331
7219.056152 1195.414673 258.758789
7258.944336 1205.815430 149.951050
7258.001953 1219.216309 39.856323
7152.102051 1248.018311 -85.494629
7021.106445 1265.419434 -152.707642
6843.332520 1263.419434 -173.656860
6449.441895 1202.215820 -204.606445
6129.116699 1133.211670 -219.289673
5759.924805 1065.807739 -239.259033
5493.869629 1043.806519 -206.046387
5288.349121 1036.206177 -220.283325
5011.312500 1024.805664 -248.705627
4833.345703 1022.405151 -315.422424
4630.402344 1012.004700 -434.129150
4427.463867 995.204346 -599.239624
4272.544922 987.803833 -750.285278
4435.177734 997.403076 -955.467407
4614.370117 990.402588 -1057.280518
4796.818848 977.602173 -1129.523560
5299.761230 974.801575 -1080.180420
5556.643555 979.400879 -1123.928345
5738.544434 965.400513 -1245.522827
5814.453125 957.600037 -1306.124146
5932.242188 948.599548 -1393.135986
6093.206055 907.399536 -1546.203857
6202.690430 873.599487 -1688.784058
6313.874023 826.599609 -1854.070313
6496.242676 790.999512 -2089.895752
6760.882324 790.799500 -2330.457031
7157.384766 794.399536 -2774.628418
7970.280273 793.799500 -4261.055176
8843.250000 793.199524 -5042.393066
9595.974609 792.599487 -5096.394531
10393.433594 791.999512 -5055.568848
10970.665039 791.399536 -4844.684082
11315.866211 790.599487 -4487.424316
11604.832031 790.199524 -4133.434082
11720.784180 789.599487 -3501.197266
11651.818359 788.999512 -3154.136719
11405.089844 788.399536 -2772.522461
11246.180664 788.799500 -2460.188477
11158.541992 787.999512 -2063.280273
11122.783203 788.799500 -1788.808594
11147.423828 789.599487 -1509.963379
11156.904297 789.999512 -1315.065308
11273.120117 789.999512 -1132.422363
11501.721680 790.399536 -920.428345
11813.408203 790.599487 -921.182556
11939.609375 790.599487 -1108.452881
12119.883789 790.599487 -1276.653076
12392.507813 790.599487 -1372.607178
12721.246094 790.599487 -1348.400269
-158.793457 239.812439 -97.889893
250.736816 240.020630 -79.586914
750.032227 240.228821 75.218018
989.624512 240.437012 -90.822388
1164.529297 239.845154 -318.956055
1291.712891 240.653381 -653.552734
1230.518555 235.661255 -1022.705811
1148.425293 243.069031 -1220.729004
969.481445 240.476196 -1374.135498
797.797852 267.685181 -1413.745361
570.524902 286.893677 -1413.555908
337.671387 305.302124 -1464.510742
160.674805 319.310303 -1662.641846
242.857422 333.318481 -1919.319336
387.489746 330.325623 -2145.122559
695.161621 327.332764 -2390.758057
1006.576660 327.540100 -2489.472900
1337.754883 375.550354 -2492.157959
1723.105957 389.358521 -2483.562744
2060.520996 411.366638 -2484.922607
2401.515137 450.974426 -2501.751221
2750.467773 529.783142 -2550.064209
3287.349121 588.790649 -2460.082764
3378.541016 589.395142 -2142.493896
3322.562744 531.196045 -1862.420410
3206.171143 452.195679 -1458.913330
2946.057373 451.597229 -1070.966553
2872.247314 396.598267 -758.940430
2871.382813 396.799561 -505.731689
2899.815918 493.602112 -191.809204
3076.087891 591.004700 47.913330
3293.442139 645.004639 176.556274
3579.041748 694.804321 278.555176
3849.193604 740.603760 310.756714
4161.508789 806.804443 337.376831
4424.713379 854.604004 431.897705
4625.362793 901.003540 566.906250
4790.482910 920.202759 716.043396
4936.174805 956.401733 820.804932
5021.511230 957.001282 903.004272
5070.938965 956.200806 951.274719
5147.243652 956.800659 1052.150513
5221.585938 956.600464 1161.867554
5283.169434 969.800049 1297.475830
5365.775391 977.599976 1393.306885
5424.734375 987.400024 1469.354492
5482.201172 980.200012 1514.564453
5592.697266 980.599976 1567.616943
5789.413086 978.799988 1605.476074
5941.984863 979.400024 1602.537354
6138.344238 980.000000 1540.356689
6324.945801 1154.789795 1419.908325
6431.018555 1230.393188 1268.080933
6506.610352 1272.197266 1079.385620
6618.529297 1333.800903 853.664917
6763.838379 1354.405273 693.841431
6974.846680 1407.609131 522.192139
7132.339844 1475.213379 380.689331
7219.056152 1495.414673 258.758789
7258.944336 1505.815430 149.951050
7258.001953 1519.216309 39.856323
7152.102051 1548.018311 -85.494629
7021.106445 1565.419434 -152.707642
6843.332520 1563.419434 -173.656860
6449.441895 1502.215820 -204.606445
6129.116699 1433.211670 -219.289673
5759.924805 1365.807739 -239.259033
5493.869629 1343.806519 -206.046387
5288.349121 1336.206177 -220.283325
5011.312500 1324.805664 -248.705627
4833.345703 1322.405151 -315.422424
4630.402344 1312.004639 -434.129150
4427.463867 1295.204346 -599.239624
4272.544922 1287.803833 -750.285278
4435.177734 1297.403076 -955.467407
4614.370117 1290.402588 -1057.280518
4796.818848 1277.602173 -1129.523560
5299.761230 1274.801514 -1080.180420
5556.643555 1279.400879 -1123.928345
5738.544434 1265.400513 -1245.522827
5814.453125 1257.600098 -1306.124146
5932.242188 1248.599609 -1393.135986
6093.206055 1207.399536 -1546.203857
6202.690430 1173.599487 -1688.784058
6313.874023 1126.599609 -1854.070313
6496.242676 1090.999512 -2089.895752
6760.882324 1090.799561 -2330.457031
7157.384766 1094.399536 -2774.628418
7970.280273 1093.799561 -4261.055176
8843.250000 1093.199463 -5042.393066
9595.974609 1092.599487 -5096.394531
10393.433594 1091.999512 -5055.568848
10970.665039 1091.399536 -4844.684082
11315.866211 1090.599487 -4487.424316
11604.832031 1090.199463 -4133.434082
11720.784180 1089.599487 -3501.197266
11651.818359 1088.999512 -3154.136719
11405.089844 1088.399536 -2772.522461
11246.180664 1088.799561 -2460.188477
11158.541992 1087.999512 -2063.280273
11122.783203 1088.799561 -1788.808594
11147.423828 1089.599487 -1509.963379
11156.904297 1089.999512 -1315.065308
11273.120117 1089.999512 -1132.422363
11501.721680 1090.399536 -920.428345
11813.408203 1090.599487 -921.182556
11939.609375 1090.599487 -1108.452881
12119.883789 1090.599487 -1276.653076
12392.507813 1090.599487 -1372.607178
12721.246094 1090.599487 -1348.400269
