122
-11249.411133 -2435.342285 -773.855286
-11171.083984 -2435.342285 -689.698669
272302700
-11327.738281 -2435.342285 -858.011902
272302700
0
-1
0
-11445.097656 -2435.642334 -636.592285
-11345.956055 -2435.642334 -522.156006
272301380
-11544.239258 -2435.642334 -751.028503
272301380
0
-1
0
-11709.720703 -2435.442383 -425.148865
-11599.527344 -2435.442383 -249.131927
272302820
-11819.913086 -2435.442383 -601.165771
272302820
0
-1
0
-11980.115234 -2435.242188 -255.740967
-11901.705078 -2435.242188 -54.460754
272301500
-12058.524414 -2435.242188 -457.021179
272301500
0
-1
0
-12277.130859 -2435.042480 -162.436584
-12296.070313 -2435.042480 97.960144
272304740
-12258.191406 -2435.042480 -422.833313
272304740
0
-1
0
-12619.285156 -2435.542480 -135.620361
-12666.040039 -2435.542480 151.150314
272303060
-12572.529297 -2435.542480 -422.391022
272303060
0
-1
0
-12851.793945 -2435.642334 -135.705704
-12885.636719 -2435.642334 186.482391
272303540
-12817.951172 -2435.642334 -457.893799
272303540
0
-1
0
-13085.050781 -2435.642334 -174.026855
-13169.675781 -2435.642334 155.866943
272303660
-13000.426758 -2435.642334 -503.920654
272303660
0
-1
0
-13227.736328 -2435.542480 -232.466553
-13353.989258 -2435.542480 101.631348
272303780
-13101.482422 -2435.542480 -566.564453
272303780
0
-1
0
-13395.333008 -2435.642334 -326.494202
-13547.505859 -2435.642334 10.580780
272303900
-13243.160156 -2435.642334 -663.569214
272303900
0
-1
0
-13561.750000 -2435.542480 -415.947449
-13745.911133 -2435.542480 -82.376984
272304980
-13377.588867 -2435.542480 -749.517944
272304980
0
-1
0
-13765.746094 -2434.842285 -653.869202
-13998.315430 -2434.842285 -323.731903
273907172
-13533.177734 -2434.842285 -984.006470
273907172
0
-1
0
-13882.686523 -2435.342285 -852.422607
-14138.439453 -2435.342285 -547.692627
273907292
-13626.933594 -2435.342285 -1157.152588
273907292
0
-1
0
-13921.126953 -2435.642334 -1050.631470
-14187.313477 -2435.642334 -761.157471
273905372
-13654.940430 -2435.642334 -1340.105469
273905372
0
-1
0
-13973.687500 -2435.542480 -1349.922119
-14219.138672 -2435.542480 -1095.739990
273905252
-13728.237305 -2435.542480 -1604.104248
273905252
0
-1
0
-13973.802734 -2435.042480 -1855.194946
-14199.853516 -2435.042480 -1584.124268
273904652
-13747.751953 -2435.042480 -2126.265625
273904652
0
-1
0
-14038.069336 -2435.342285 -2171.093750
-14247.490234 -2435.342285 -1869.819092
273904172
-13828.648438 -2435.342285 -2472.368652
273904172
0
-1
0
-14119.225586 -2434.642578 -2486.950195
-14301.503906 -2434.642578 -2149.488281
273906452
-13936.947266 -2434.642578 -2824.412354
273906452
0
-1
0
-14429.050781 -2435.142334 -3012.593750
-14529.154297 -2435.142334 -2803.291748
273905492
-14328.946289 -2435.142334 -3221.895508
273905492
0
-1
0
-14953.943359 -2435.042480 -3207.399414
-15026.929688 -2435.042480 -2991.615723
273907052
-14880.958008 -2435.042480 -3423.183105
273907052
0
-1
0
-15511.867188 -2434.942383 -3084.813477
-15558.428711 -2434.942383 -2842.129639
273907412
-15465.306641 -2434.942383 -3327.497070
273907412
0
-1
0
-16095.587891 -2434.342285 -2637.589600
-16094.522461 -2434.342285 -2291.591064
273904772
-16096.653320 -2434.342285 -2983.588135
273904772
0
-1
0
-16752.863281 -2433.442383 -1978.394653
-16617.992188 -2433.442383 -1700.651611
273906692
-16887.736328 -2433.442383 -2256.137695
273906692
0
-1
0
-17225.546875 -2435.442383 -1722.524658
-17157.892578 -2435.442383 -1608.802490
273904412
-17293.201172 -2435.442383 -1836.246704
273904412
0
-1
0
-17455.083984 -2435.142334 -1516.189819
-17359.380859 -2435.142334 -1430.875000
273903932
-17550.787109 -2435.142334 -1601.504639
273903932
0
-1
0
-17652.351563 -2399.942383 -1301.960693
-17572.457031 -2399.942383 -1237.174316
273905852
-17732.248047 -2399.942383 -1366.746948
273905852
0
-1
0
-17772.822266 -2350.542480 -1125.069336
-17699.968750 -2350.542480 -1051.149536
273905012
-17845.675781 -2350.542480 -1198.989136
273905012
0
-1
0
-17878.695313 -2318.742188 -986.561523
-17803.083984 -2318.742188 -915.840210
273907532
-17954.308594 -2318.742188 -1057.282959
273907532
0
-1
0
-18025.996094 -2279.042480 -839.708740
-17938.644531 -2279.042480 -772.929993
273905612
-18113.347656 -2279.042480 -906.487549
273905612
0
-1
0
-18166.343750 -2261.541992 -700.832275
-18094.021484 -2261.541992 -589.149841
273906572
-18238.664063 -2261.541992 -812.514526
273906572
0
-1
0
-18227.617188 -2244.641602 -629.910645
-18141.587891 -2244.641602 -507.285583
273905732
-18313.648438 -2244.641602 -752.535828
273905732
0
-1
0
-18342.054688 -2240.041016 -546.336243
-18196.605469 -2240.041016 -453.333496
273904892
-18487.505859 -2240.041016 -639.339111
273904892
0
-1
0
-18527.628906 -2236.240723 -498.272278
-18312.759766 -2236.240723 -397.527985
273905972
-18742.500000 -2236.240723 -599.016663
273905972
0
-1
0
-18903.230469 -2227.640137 -518.503601
-18561.841797 -2227.640137 -386.715942
273906092
-19244.619141 -2227.640137 -650.291260
273906092
0
-1
0
-19248.599609 -2219.839600 -534.483154
-19071.156250 -2219.839600 -487.754120
273906212
-19426.042969 -2219.839600 -581.212158
273906212
0
-1
0
-19458.140625 -2215.539063 -456.550049
-19311.597656 -2215.539063 -431.178741
273906332
-19604.685547 -2215.539063 -481.921356
273906332
0
-1
0
-19646.218750 -2217.138672 -265.366272
-19525.378906 -2217.138672 -252.139801
273907652
-19767.056641 -2217.138672 -278.592743
273907652
0
-1
0
-19430.222656 -2210.937988 -120.300781
-19248.447266 -2210.937988 -111.277588
273904052
-19611.998047 -2210.937988 -129.323975
273904052
0
-1
0
-19206.210938 -2200.037598 11.159096
-19003.255859 -2200.037598 -9.013680
273906812
-19409.167969 -2200.037598 31.331871
273906812
0
-1
0
-18935.695313 -2195.737061 89.235474
-18664.660156 -2195.737061 31.695164
273904292
-19206.732422 -2195.737061 146.775787
273904292
0
-1
0
-18698.421875 -2193.736328 114.164276
-18367.517578 -2193.736328 17.053734
273906932
-19029.326172 -2193.736328 211.274780
273906932
0
-1
0
-18510.232422 -2184.936035 130.309143
-18266.900391 -2184.936035 24.441811
273905132
-18753.564453 -2184.936035 236.176483
273905132
0
-1
0
-18395.351563 -2177.635498 138.232239
-18239.853516 -2177.635498 31.102661
273904532
-18550.849609 -2177.635498 245.361832
273904532
0
-1
0
-18203.033203 -2160.534424 114.055878
-18116.935547 -2160.534424 20.966721
273907772
-18289.130859 -2160.534424 207.145020
273907772
0
-1
0
-17877.070313 -2098.130371 116.044495
-17826.710938 -2098.130371 10.047562
308045116
-17927.431641 -2098.130371 222.041595
308045116
0
-1
0
-17533.113281 -2025.426025 130.058624
-17462.582031 -2025.426025 21.455162
308042956
-17603.642578 -2025.426025 238.661911
308042956
0
-1
0
-17050.871094 -1945.221069 171.028931
-16900.156250 -1945.221069 64.592270
308046076
-17201.585938 -1945.221069 277.465576
308046076
0
-1
0
-16778.554688 -1927.119873 219.364594
-16537.044922 -1927.119873 133.099792
308044156
-17020.064453 -1927.119873 305.629395
308044156
0
-1
0
-16395.943359 -1919.319336 287.491760
-16221.404297 -1919.319336 255.541611
308045596
-16570.482422 -1919.319336 319.441925
308045596
0
-1
0
-16048.460938 -1917.219238 433.397217
-15921.962891 -1917.219238 420.980438
308046436
-16174.959961 -1917.219238 445.813995
308046436
0
-1
0
-16143.542969 -1948.121094 640.178223
-16046.847656 -1948.121094 643.338623
308045716
-16240.239258 -1948.121094 637.017883
308045716
0
-1
0
-16428.197266 -1971.722534 808.196411
-16264.734375 -1971.722534 839.563477
308045236
-16591.660156 -1971.722534 776.829407
308045236
0
-1
0
-16708.779297 -2016.525146 908.748657
-16509.500000 -2016.525146 960.798340
308045956
-16908.058594 -2016.525146 856.698975
308045956
0
-1
0
-16965.089844 -2106.630859 1061.169800
-16861.945313 -2106.630859 1117.366333
308044996
-17068.234375 -2106.630859 1004.973328
308044996
0
-1
0
-17178.382813 -2161.035156 1237.354492
-17077.015625 -2161.035156 1297.189453
308044636
-17279.750000 -2161.035156 1177.519531
308044636
0
-1
0
-17333.265625 -2192.440186 1386.420410
-17241.957031 -2192.440186 1436.353394
308046196
-17424.574219 -2192.440186 1336.487427
308046196
0
-1
0
-17433.894531 -2254.344727 1596.051636
-17333.076172 -2254.344727 1633.775879
308043796
-17534.714844 -2254.344727 1558.327271
308043796
0
-1
0
-17479.285156 -2295.149414 1792.812134
-17348.445313 -2295.149414 1839.107910
308043916
-17610.125000 -2295.149414 1746.516357
308043916
0
-1
0
-17542.816406 -2371.253662 2008.170166
-17366.945313 -2371.253662 2112.678467
308044276
-17718.687500 -2371.253662 1903.661987
308044276
0
-1
0
-17506.960938 -2403.042480 2174.647949
-17370.205078 -2403.042480 2135.366211
308043676
-17643.716797 -2403.042480 2213.929688
308043676
0
-1
0
-17533.458984 -2435.742432 2296.020508
-17418.404297 -2435.742432 2344.985352
308043076
-17648.513672 -2435.742432 2247.055664
308043076
0
-1
0
-17602.253906 -2439.842773 2617.857910
-17495.148438 -2439.842773 2721.550049
308045356
-17709.361328 -2439.842773 2514.165771
308045356
0
-1
0
-17717.488281 -2439.743164 2755.053223
-17642.125000 -2439.743164 2861.704590
308043196
-17792.851563 -2439.743164 2648.401855
308043196
0
-1
0
-17875.804688 -2439.543213 2819.489746
-17786.779297 -2439.543213 2934.206543
308045476
-17964.830078 -2439.543213 2704.772705
308045476
0
-1
0
-18068.658203 -2450.243652 2804.311035
-17969.572266 -2450.243652 2979.493164
308045836
-18167.744141 -2450.243652 2629.129150
308045836
0
-1
0
-18211.662109 -2466.043701 2738.484375
-18159.253906 -2466.043701 2912.873047
308044036
-18264.070313 -2466.043701 2564.095703
308044036
0
-1
0
-18355.738281 -2514.343994 2649.400391
-18307.681641 -2514.343994 2838.011230
308044396
-18403.794922 -2514.343994 2460.789307
308044396
0
-1
0
-18537.292969 -2522.944336 2519.627197
-18481.490234 -2522.944336 2676.038330
308044516
-18593.097656 -2522.944336 2363.216064
308044516
0
-1
0
-18724.062500 -2554.044434 2100.188721
-18607.927734 -2554.044434 2541.071289
308046316
-18840.195313 -2554.044434 1659.306274
308046316
0
-1
0
-18843.900391 -2568.044922 1929.685059
-18771.259766 -2568.044922 2309.325684
308044756
-18916.541016 -2568.044922 1550.044189
308044756
0
-1
0
-18943.089844 -2569.345459 1758.270020
-18892.539063 -2569.345459 2067.230713
308046556
-18993.640625 -2569.345459 1449.309204
308046556
0
-1
0
-18997.511719 -2569.445801 1666.177002
-18952.166016 -2569.445801 1931.350830
308046676
-19042.855469 -2569.445801 1401.003296
308046676
0
-1
0
-19137.101563 -2569.545898 1474.687500
-19140.333984 -2569.545898 1630.148315
308043316
-19133.871094 -2569.545898 1319.226685
308043316
0
-1
0
-19324.103516 -2605.246094 1327.858521
-19360.253906 -2605.246094 1442.631104
308044876
-19287.953125 -2605.246094 1213.085938
308044876
0
-1
0
-19517.429688 -2625.345947 1161.767700
-19575.742188 -2625.345947 1262.253540
308043436
-19459.117188 -2625.345947 1061.281982
308043436
0
-1
0
-19714.421875 -2671.946289 1009.884338
-19768.027344 -2671.946289 1094.132080
308043556
-19660.816406 -2671.946289 925.636597
308043556
0
-1
0
-19967.671875 -2719.146484 928.737366
-20014.312500 -2719.146484 1024.688354
308046796
-19921.029297 -2719.146484 832.786133
308046796
0
-1
0
-20289.451172 -2785.948242 900.077759
-20343.765625 -2785.948242 994.936218
273511460
-20235.136719 -2785.948242 805.219360
273511460
0
-1
0
-20593.128906 -2830.848145 877.213196
-20677.292969 -2830.848145 983.890625
273509900
-20508.964844 -2830.848145 770.535767
273509900
0
-1
0
-20914.718750 -2880.748779 760.896484
-21030.433594 -2880.748779 857.573730
273510020
-20799.003906 -2880.748779 664.219238
273510020
0
-1
0
-21144.796875 -2934.649414 563.966064
-21267.636719 -2934.649414 602.591797
273510140
-21021.955078 -2934.649414 525.340210
273510140
0
-1
0
-21331.041016 -3032.752930 275.045959
-21462.476563 -3032.752930 273.765228
273512180
-21199.605469 -3032.752930 276.326691
273512180
0
-1
0
-21358.402344 -3128.056152 -53.399780
-21488.914063 -3128.056152 -66.499893
273510260
-21227.890625 -3128.056152 -40.299675
273510260
0
-1
0
-21358.693359 -3129.258301 -325.151367
-21490.876953 -3129.258301 -353.499756
273512420
-21226.509766 -3129.258301 -296.802979
273512420
0
-1
0
-21284.292969 -3074.360352 -655.293457
-21416.710938 -3074.360352 -698.703247
273513500
-21151.875000 -3074.360352 -611.883667
273513500
0
-1
0
-21070.496094 -3074.062500 -1051.664307
-21248.964844 -3074.062500 -1104.349731
273509780
-20892.025391 -3074.062500 -998.978821
273509780
0
-1
0
-20936.074219 -3034.563721 -1356.252319
-21095.867188 -3034.563721 -1324.380493
273512300
-20776.281250 -3034.563721 -1388.124146
273512300
0
-1
0
-20805.445313 -3005.665771 -1627.935791
-20892.177734 -3005.665771 -1593.011841
273512540
-20718.710938 -3005.665771 -1662.859863
273512540
0
-1
0
-20940.484375 -3005.569336 -1894.257568
-21073.335938 -3005.569336 -1812.572998
273512660
-20807.630859 -3005.569336 -1975.942139
273512660
0
-1
0
-21443.941406 -3035.274658 -1885.879395
-21552.781250 -3035.274658 -1715.408569
273511580
-21335.101563 -3035.274658 -2056.350342
273511580
0
-1
0
-21705.812500 -3074.580566 -1881.678589
-21736.439453 -3074.580566 -1759.138916
273512780
-21675.183594 -3074.580566 -2004.218384
273512780
0
-1
0
-22027.302734 -3114.687012 -1895.805176
-22041.181641 -3114.687012 -1804.773315
273510380
-22013.423828 -3114.687012 -1986.837036
273510380
0
-1
0
-22341.472656 -3136.894043 -1908.790283
-22337.992188 -3136.894043 -1832.414917
273511220
-22344.953125 -3136.894043 -1985.165649
273511220
0
-1
0
-22720.863281 -3150.300781 -1918.588623
-22713.126953 -3150.300781 -1843.290405
273512900
-22728.601563 -3150.300781 -1993.886841
273512900
0
-1
0
-23048.626953 -3198.009521 -1896.296997
-23037.804688 -3198.009521 -1801.356323
273513140
-23059.449219 -3198.009521 -1991.237671
273513140
0
-1
0
-23301.578125 -3198.215332 -1801.540527
-23244.363281 -3198.215332 -1706.456421
273510500
-23358.794922 -3198.215332 -1896.624756
273510500
0
-1
0
-23516.359375 -3196.921143 -1629.348389
-23379.628906 -3196.921143 -1590.250366
273512060
-23653.089844 -3196.921143 -1668.446411
273512060
0
-1
0
-23642.589844 -3195.327148 -1465.571411
-23488.517578 -3195.327148 -1477.865479
273513020
-23796.662109 -3195.327148 -1453.277344
273513020
0
-1
0
-23813.212891 -3206.833496 -1226.792480
-23746.070313 -3206.833496 -1249.688477
273510620
-23880.355469 -3206.833496 -1203.896484
273510620
0
-1
0
-23627.472656 -3222.640137 -1062.208618
-23548.529297 -3222.640137 -1112.268799
273510740
-23706.416016 -3222.640137 -1012.148438
273510740
0
-1
0
-23341.617188 -3239.047363 -1080.819214
-23207.050781 -3239.047363 -1196.913940
273510860
-23476.183594 -3239.047363 -964.724487
273510860
0
-1
0
-23165.324219 -3258.654297 -1075.158325
-23078.029297 -3258.654297 -1181.786499
273513260
-23252.621094 -3258.654297 -968.529968
273513260
0
-1
0
-22978.890625 -3285.661865 -1013.422363
-22880.250000 -3285.661865 -1101.194946
273510980
-23077.529297 -3285.661865 -925.650024
273510980
0
-1
0
-22730.125000 -3284.167480 -814.489014
-22567.777344 -3284.167480 -867.383728
273511100
-22892.474609 -3284.167480 -761.594238
273511100
0
-1
0
-22616.085938 -3285.673584 -573.319946
-22423.156250 -3285.673584 -589.807800
273511340
-22809.015625 -3285.673584 -556.832092
273511340
0
-1
0
-22557.062500 -3285.179688 -153.924683
-22366.121094 -3285.179688 -126.925133
273511700
-22748.005859 -3285.179688 -180.924271
273511700
0
-1
0
-22671.593750 -3285.986084 225.760864
-22466.806641 -3285.986084 292.725494
273511820
-22876.380859 -3285.986084 158.796234
273511820
0
-1
0
-22870.320313 -3285.592285 510.892029
-22686.152344 -3285.592285 628.073547
273511940
-23054.488281 -3285.592285 393.710510
273511940
0
-1
0
-23141.988281 -3285.698730 774.591980
-22982.861328 -3285.698730 981.746643
273513380
-23301.115234 -3285.698730 567.437317
273513380
0
-1
0
-23419.099609 -3285.804932 900.838440
-23037.968750 -3285.804932 1389.185669
273513620
-23800.230469 -3285.804932 412.491180
273513620
0
-1
0
-23677.429688 -3286.111328 1082.775146
-23144.992188 -3286.111328 1771.280396
273895164
-24209.865234 -3286.111328 394.270081
273895164
0
-1
0
-23977.804688 -3285.717285 1434.850342
-23286.718750 -3285.717285 2128.320801
273895044
-24668.892578 -3285.717285 741.379944
273895044
0
-1
0
-24290.277344 -3285.723877 1907.006104
-23486.449219 -3285.723877 2462.098145
273893364
-25094.105469 -3285.723877 1351.914063
273893364
0
-1
0
-24481.261719 -3285.729980 2318.306641
-23766.708984 -3285.729980 2755.767578
273895764
-25195.814453 -3285.729980 1880.845947
273895764
0
-1
0
-24769.156250 -3315.236816 2790.482422
-24091.609375 -3315.236816 3126.104248
273892404
-25446.703125 -3315.236816 2454.860352
273892404
0
-1
0
-25027.556641 -3299.943359 3189.854736
-24479.095703 -3299.943359 3529.833252
273892764
-25576.017578 -3299.943359 2849.876221
273892764
0
-1
0
-25304.550781 -3438.956787 3567.809570
-24888.453125 -3438.956787 3836.591309
273895284
-25720.648438 -3438.956787 3299.028076
273895284
-1
-1
-1
-1
-1
-1
-1
-1
-1
-1
-1
-1
-1
-1
-1
-1
-1
-1
-1
-1
-1
-1
-1
-1
-1
-1
-1
-1
-1
-1
-1
-1
-1
-1
-1
-1
-1
-1
-1
-1
-1
-1
-1
-1
-1
-1
-1
-1
-1
-1
-1
-1
-1
-1
-1
-1
-1
-1
1
-1
1
-17835.015625 -2560.041992 2088.077637
-17762.085938 -2560.041992 2148.273193
273892044
-17907.943359 -2560.041992 2027.882080
273892044
0
-1
0
-17972.564453 -2558.441895 2243.357910
-17837.738281 -2558.441895 2393.433350
273893244
-18107.390625 -2558.441895 2093.282227
273893244
0
-1
0
-18140.185547 -2560.441895 2253.743408
-18018.775391 -2560.441895 2409.898682
273894444
-18261.595703 -2560.441895 2097.588135
273894444
0
-1
0
-18325.035156 -2551.741699 2257.717529
-18190.287109 -2551.741699 2454.631592
273895404
-18459.785156 -2551.741699 2060.803223
273895404
0
-1
0
-18499.173828 -2548.041992 2192.434326
-18422.751953 -2548.041992 2374.220459
273895524
-18575.595703 -2548.041992 2010.648193
273895524
0
0
68
1
-1
-1
-1
-1
-1
-1
-1
-1
-1
-1
-1
-1
-1
-1
-1
-1
-1
-1
-1
-1
-1
-1
-1
-1
-1
-1
-1
-1
-1
-1
-1
-1
-1
-1
-1
-1
-1
-1
-1
-1
-1
-1
-1
-1
-1
-1
-1
-1
-1
-1
-1
-1
-1
-1
-1
-1
-1
-1
-1
-1
-1
-1
-1
-1
