150
-4.324530 -109.800003 -12.492355
-4.343468 -109.800003 134.169052
272584628
-4.302546 -109.800003 -182.724350
272584628
0
-1
0
-487.857269 -109.800003 -11.509857
-490.124390 -109.800003 139.024963
272585772
-485.225708 -109.800003 -186.237778
272585772
0
-1
0
-681.042725 -106.800003 22.917389
-638.918274 -106.800003 163.131561
272584716
-729.937195 -106.800003 -139.831177
272584716
0
-1
0
-882.834167 -109.599998 89.188927
-808.929443 -109.599998 217.033478
272585508
-968.616455 -109.599998 -59.202087
272585508
0
-1
0
-1008.030945 -109.799995 161.010818
-917.475037 -109.799995 279.453094
272584804
-1113.140381 -109.799995 23.533188
272584804
0
-1
0
-1133.196289 -109.199997 265.700806
-1027.408081 -109.199997 367.961731
272585420
-1255.986206 -109.199997 147.005112
272585420
0
-1
0
-1267.220703 -109.699989 369.465271
-1146.076172 -109.699989 511.729187
272584452
-1407.834717 -109.699989 204.337463
272584452
0
-1
0
-1466.628174 -109.899979 519.640320
-1438.314087 -109.899979 679.766968
272584980
-1499.492920 -109.899979 333.779053
272584980
0
-1
0
-1706.531982 -109.799973 556.539246
-1718.366089 -109.799973 709.529663
272586828
-1692.796143 -109.799973 378.961121
272586828
0
-1
0
-1886.331299 -109.699966 513.833252
-1925.561035 -109.699966 671.042725
272586476
-1840.796875 -109.699966 331.358093
272586476
0
-1
0
-2031.183350 -109.899963 388.427246
-2122.357178 -109.899963 544.849731
272585596
-1925.356445 -109.899963 206.865387
272585596
0
-1
0
-2202.137207 -128.000000 242.416016
-2359.548340 -128.000000 352.654358
272586564
-2019.428345 -128.000000 114.460815
272586564
0
-1
0
-2405.778076 -164.999527 55.942066
-2519.660156 -164.999527 152.193817
272586036
-2273.593506 -164.999527 -55.778740
272586036
0
-1
0
-2620.581543 -202.599030 -116.280289
-2669.152588 -202.599030 23.338287
272584892
-2564.204346 -202.599030 -278.337585
272584892
0
-1
0
-2845.920654 -181.299438 -115.376198
-2828.577148 -181.299438 34.063789
272587092
-2866.051758 -181.299438 -288.833313
272587092
0
-1
0
-3076.211670 -180.899796 -155.991852
-3069.976074 -180.899796 48.816055
272585068
-3083.449463 -180.899796 -393.715332
272585068
0
-1
0
-3228.555176 -143.300125 -153.665771
-3248.474609 -143.300125 70.126389
272585948
-3205.434570 -143.300125 -413.424500
272585948
0
-1
0
-3372.546875 -109.300461 -110.469269
-3466.302734 -109.300461 116.804581
272586388
-3263.723389 -109.300461 -374.269257
272586388
0
-1
0
-3554.174316 -92.100800 -111.631500
-3678.854980 -92.100800 53.086655
272586652
-3409.455811 -92.100800 -302.822235
272586652
0
-1
0
-3699.876953 -71.601013 -189.019867
-3846.236572 -71.601013 -78.839188
272585244
-3529.995605 -71.601013 -316.908142
272585244
0
-1
0
-3826.214844 -53.201202 -325.591187
-4001.913086 -53.201202 -255.964066
272585860
-3622.279541 -53.201202 -406.408356
272585860
0
-1
0
-3831.318848 -43.201283 -562.540039
-4121.725586 -43.201283 -569.318420
272586740
-3494.239014 -43.201283 -554.672302
272586740
0
-1
0
-3724.965820 -57.001064 -756.180420
-3988.360840 -57.001064 -914.265991
272585684
-3419.239014 -57.001064 -572.688171
272585684
0
-1
0
-3544.045410 -84.800797 -825.318115
-3702.317871 -84.800797 -1038.435303
272585332
-3360.335938 -84.800797 -577.950073
272585332
0
-1
0
-3440.355957 -109.300537 -913.095581
-3572.917969 -109.300537 -1107.068237
272586124
-3286.489746 -109.300537 -687.948730
272586124
0
-1
0
-3368.266113 -109.900223 -1105.168823
-3495.273926 -109.900223 -1185.696655
272586212
-3220.846680 -109.900223 -1011.699097
272586212
0
-1
0
-3300.418457 -109.599899 -1266.997681
-3449.952148 -109.599899 -1284.527344
272586300
-3126.852295 -109.599899 -1246.650757
272586300
0
-1
0
-3342.805664 -109.899582 -1460.406006
-3490.566650 -109.899582 -1432.705566
272586916
-3171.297852 -109.899582 -1492.558350
272586916
0
-1
0
-3347.926025 -109.599258 -1622.216309
-3488.027344 -109.599258 -1570.406738
272587004
-3185.308594 -109.599258 -1682.352417
272587004
0
-1
0
-3364.165527 -109.398941 -1787.426025
-3507.483398 -109.398941 -1752.036133
272584364
-3197.814697 -109.398941 -1828.503540
272584364
0
-1
0
-3345.390381 -109.798615 -1976.752319
-3493.357666 -109.798615 -1965.180176
272584540
-3173.642578 -109.798615 -1990.184326
272584540
0
-1
0
-3325.758301 -79.998260 -2152.044434
-3464.699951 -79.998260 -2202.232910
272587796
-3164.486572 -79.998260 -2093.789795
272587796
0
-1
0
-3230.886963 -79.997940 -2346.858887
-3363.516113 -79.997940 -2411.055176
272587356
-3076.942383 -79.997940 -2272.345459
272587356
0
-1
0
-3109.643799 -96.497322 -2552.040527
-3213.365967 -96.497322 -2660.733154
272587444
-2989.251953 -96.497322 -2425.879395
272587444
0
-1
0
-2908.634277 -102.896683 -2691.017334
-2938.154297 -102.896683 -2833.626953
272588236
-2874.369385 -102.896683 -2525.488281
272588236
0
-1
0
-2764.830566 -115.696083 -2731.349121
-2777.907715 -115.696083 -2881.592773
272587972
-2749.651367 -115.696083 -2556.958984
272587972
0
-1
0
-2425.976318 -148.095764 -2789.821289
-2415.376709 -148.095764 -2935.993164
272587708
-2438.279297 -148.095764 -2620.157715
272587708
0
-1
0
-2150.667725 -170.295807 -2791.228516
-2139.780273 -170.295807 -2938.763428
272587884
-2163.304932 -170.295807 -2619.982422
272587884
0
-1
0
-1880.729248 -175.495987 -2709.399414
-1828.875244 -175.495987 -2846.478027
272588148
-1940.916992 -175.495987 -2550.290039
272588148
0
-1
0
-1648.808350 -132.896118 -2602.177734
-1536.134521 -132.896118 -2723.043457
272587620
-1779.590576 -132.896118 -2461.886963
272587620
0
-1
0
-1333.788574 -129.296326 -2410.775879
-1328.990845 -129.296326 -2585.869385
272588324
-1339.357422 -129.296326 -2207.541992
272588324
0
-1
0
-1105.866211 -109.895164 -2308.070557
-1052.307251 -109.895164 -2447.142090
272587532
-1168.032959 -109.895164 -2146.648193
272587532
0
-1
0
-917.880005 -109.794022 -2210.969238
-888.523071 -109.794022 -2358.226074
272587180
-951.954895 -109.794022 -2040.046143
272587180
0
-1
0
-655.630737 -109.392883 -2211.892578
-710.835327 -109.392883 -2384.585938
272588060
-591.554077 -109.392883 -2011.444824
272588060
0
-1
0
-494.251465 -109.791733 -2223.884277
-631.185364 -109.791733 -2363.408691
272587268
-335.310333 -109.791733 -2061.936279
272587268
0
-1
0
-407.706818 -109.590591 -2262.413574
-543.620605 -109.590591 -2396.438232
18951636
-249.949753 -109.590591 -2106.849121
18951636
0
-1
0
-256.595825 -109.889450 -2338.637207
-327.687561 -109.889450 -2503.592285
18951108
-174.078598 -109.889450 -2147.171143
18951108
0
-1
0
-128.835495 -109.288315 -2422.911133
-211.779083 -109.288315 -2566.284180
18950756
-32.561699 -109.288315 -2256.496094
18950756
0
-1
0
8.019833 -109.787170 -2550.772461
-102.653641 -109.787170 -2663.465576
18951196
136.480194 -109.787170 -2419.967773
18951196
0
-1
0
90.492188 -108.586021 -2718.858398
-51.660233 -108.586021 -2778.207520
18951724
255.490555 -108.586021 -2649.970947
18951724
0
-1
0
131.064590 -109.384872 -2950.198730
-20.986725 -109.384872 -2933.357178
18951284
307.552734 -109.384872 -2969.746582
18951284
0
-1
0
115.202919 -108.683731 -3179.951660
-33.102440 -108.683731 -3128.028320
18951372
287.343079 -108.683731 -3240.219238
18951372
0
-1
0
16.991096 -109.882584 -3380.713623
-88.812500 -109.882584 -3254.020996
18951460
139.798843 -109.882584 -3527.767578
18951460
0
-1
0
-133.543045 -109.881439 -3501.990234
-205.368698 -109.881439 -3340.828613
18950668
-50.173965 -109.881439 -3689.052734
18950668
0
-1
0
-250.651093 -109.680290 -3556.766602
-284.837402 -109.680290 -3406.826172
18950844
-210.970520 -109.680290 -3730.804688
18950844
0
-1
0
-366.248505 -109.879143 -3577.592285
-365.329865 -109.879143 -3443.481445
18477260
-367.314789 -109.879143 -3733.256348
18477260
0
-1
0
-469.780273 -107.477997 -3580.773926
-492.620422 -107.477997 -3431.628662
18477348
-443.269379 -107.477997 -3753.888672
18477348
0
-1
0
-669.289673 -109.776848 -3553.789063
-685.215881 -109.776848 -3405.719727
18478140
-650.803772 -109.776848 -3725.655762
18478140
0
-1
0
-837.550354 -106.875694 -3527.665527
-875.381104 -106.875694 -3383.341309
18478228
-793.639648 -106.875694 -3695.184814
18478228
0
-1
0
-994.533081 -120.474533 -3531.481934
-1075.552368 -120.474533 -3405.728516
18478404
-900.492798 -120.474533 -3677.446045
18478404
0
-1
0
-1250.639160 -134.573364 -3609.799072
-1329.349609 -134.573364 -3483.707520
18476996
-1159.278931 -134.573364 -3756.155273
18476996
0
-1
0
-1325.444214 -125.172134 -3676.773438
-1413.431274 -125.172134 -3555.483398
18476644
-1223.316406 -125.172134 -3817.556152
18476644
0
-1
0
-1410.337891 -89.670876 -3780.324463
-1519.618652 -89.670876 -3683.876709
18477788
-1283.494263 -89.670876 -3892.272705
18477788
0
-1
0
-1495.363525 -50.369530 -3909.975098
-1571.493164 -50.369530 -3838.202393
272706868
-1406.998901 -50.369530 -3993.282715
272706868
0
-1
0
-1570.543945 -109.367828 -4045.597656
-1638.548340 -109.367828 -4007.650146
272706604
-1491.610352 -109.367828 -4089.643555
272706604
0
-1
0
-1643.459351 -167.566010 -4231.361328
-1749.185303 -167.566010 -4195.225586
272706164
-1520.741699 -167.566010 -4273.303711
272706164
0
-1
0
-1717.860596 -177.864258 -4394.825684
-1847.621460 -177.864258 -4394.234375
272705988
-1567.245117 -177.864258 -4395.511719
272705988
0
-1
0
-1765.851807 -189.562332 -4516.437500
-1895.467773 -189.562332 -4504.329102
272707132
-1615.404663 -189.562332 -4530.491699
272707132
0
-1
0
-1815.364990 -216.160416 -4646.542480
-1931.156128 -216.160416 -4622.434570
272705724
-1680.964600 -216.160416 -4674.524902
272705724
0
-1
0
-1888.050781 -233.658478 -4797.827148
-1996.370850 -233.658478 -4751.000977
272706780
-1762.322021 -233.658478 -4852.178223
272706780
0
-1
0
-1949.771240 -256.256683 -4886.173828
-2034.166016 -256.256683 -4810.100098
272704844
-1851.813110 -256.256683 -4974.473145
272704844
0
-1
0
-2034.604980 -269.454742 -4946.717285
-2093.788330 -269.454742 -4854.466309
272706956
-1965.909912 -269.454742 -5053.794434
272706956
0
-1
0
-2157.494385 -293.352905 -5009.256836
-2192.778076 -293.352905 -4903.705566
272707044
-2116.540039 -293.352905 -5131.770508
272707044
0
-1
0
-2306.843994 -317.450897 -5043.722656
-2301.239258 -317.450897 -4934.902344
272705812
-2313.349365 -317.450897 -5170.031250
272705812
0
-1
0
-2492.802246 -335.048950 -5014.592773
-2467.793457 -335.048950 -4906.342285
272706692
-2521.830566 -335.048950 -5140.240234
272706692
0
-1
0
-2744.282227 -375.347260 -4985.904785
-2742.001953 -375.347260 -4864.038086
272707220
-2746.929199 -375.347260 -5127.357422
272707220
0
-1
0
-3021.440430 -415.346069 -4949.125977
-3040.701904 -415.346069 -4846.305664
272704756
-2999.083252 -415.346069 -5068.470215
272704756
0
-1
0
-3354.997559 -470.244690 -4918.109863
-3347.463867 -470.244690 -4823.211426
272705020
-3363.741943 -470.244690 -5028.259766
272705020
0
-1
0
-3601.214355 -506.643890 -4809.393066
-3572.120605 -506.643890 -4677.738770
272705108
-3634.984375 -506.643890 -4962.206055
272705108
0
-1
0
-3868.564941 -506.842102 -4472.645508
-3835.550781 -506.842102 -4323.251953
272707308
-3906.884766 -506.842102 -4646.049316
272707308
0
-1
0
-4161.875488 -506.740356 -4346.650391
-4155.866699 -506.740356 -4207.531250
272707396
-4168.850098 -506.740356 -4508.128418
272707396
0
-1
0
-4509.800293 -506.638550 -4431.937500
-4555.951172 -506.638550 -4260.450195
272705372
-4456.232422 -506.638550 -4630.984375
272705372
0
-1
0
-4671.418457 -506.236725 -4666.252930
-4774.953125 -506.236725 -4398.116699
272704668
-4551.244141 -506.236725 -4977.482422
272704668
0
-1
0
-4754.772949 -544.638367 -4886.689453
-4918.814941 -544.638367 -4730.083984
272705548
-4564.367188 -544.638367 -5068.462891
272705548
0
-1
0
-4809.893555 -729.237183 -4958.192383
-4941.436523 -729.237183 -4831.600098
272704932
-4657.208984 -729.237183 -5105.130859
272704932
0
-1
0
-4981.538086 -788.034485 -5225.750488
-5113.795410 -788.034485 -5104.806641
272705196
-4828.025879 -788.034485 -5366.131836
272705196
0
-1
0
-5167.648438 -934.432739 -5506.070801
-5294.298828 -934.432739 -5417.442871
272706076
-5020.643066 -934.432739 -5608.942383
272706076
0
-1
0
-5425.951172 -1124.333252 -5873.862305
-5573.083008 -1124.333252 -5804.988281
272705284
-5255.174316 -1124.333252 -5953.804199
272705284
0
-1
0
-5580.562500 -1224.838867 -6065.768066
-5727.538574 -1224.838867 -5927.791504
272705460
-5409.964355 -1224.838867 -6225.919434
272705460
0
-1
0
-5769.311523 -1429.441162 -6265.917480
-5958.212402 -1429.441162 -6052.541992
272705636
-5550.051758 -1429.441162 -6513.584961
272705636
0
-1
0
-5956.093750 -1635.643555 -6456.533691
-6134.784180 -1635.643555 -6172.772949
272705900
-5748.685059 -1635.643555 -6785.898926
272705900
0
-1
0
-6201.130859 -1742.251831 -6893.770508
-6432.037109 -1742.251831 -6838.025879
272706516
-5933.114258 -1742.251831 -6958.474609
272706516
0
-1
0
-6356.849609 -1741.668457 -7042.914063
-6461.144531 -1741.668457 -6935.611328
272706252
-6235.791992 -1741.668457 -7167.462891
272706252
0
-1
0
-6764.979492 -1740.883179 -7349.615234
-6861.331055 -1740.883179 -7232.374512
272706340
-6653.142090 -1740.883179 -7485.697266
272706340
0
-1
0
-7234.763672 -1665.302002 -7677.451660
-7274.054199 -1665.302002 -7525.330078
272706428
-7189.158691 -1665.302002 -7854.021484
272706428
0
-1
0
-7608.003906 -1614.419800 -7616.884766
-7582.999023 -1614.419800 -7472.735352
272707748
-7637.027832 -1614.419800 -7784.201172
272707748
0
-1
0
-7987.460449 -1571.335693 -7501.182617
-7928.645020 -1571.335693 -7360.102539
272708628
-8055.728516 -1571.335693 -7664.936035
272708628
0
-1
0
-8295.011719 -1590.636475 -7279.909668
-8219.841797 -1590.636475 -7148.359863
272708540
-8382.263672 -1590.636475 -7432.601074
272708540
0
-1
0
-8546.281250 -1619.634766 -7124.465820
-8437.019531 -1619.634766 -7021.131348
272708452
-8673.104492 -1619.634766 -7244.407227
272708452
0
-1
0
-8999.712891 -1777.225220 -6635.931641
-8892.749023 -1777.225220 -6560.761719
272707836
-9123.866211 -1777.225220 -6723.182129
272707836
0
-1
0
-9314.714844 -1856.117920 -6251.708984
-9169.310547 -1856.117920 -6189.897461
272708364
-9483.484375 -1856.117920 -6323.453613
272708364
0
-1
0
-9212.402344 -1877.618896 -6027.163086
-9040.223633 -1877.618896 -5941.817383
272707484
-9412.250977 -1877.618896 -6126.225098
272707484
0
-1
0
-9189.541016 -1875.925537 -5789.615234
-9017.462891 -1875.925537 -5742.648926
272707572
-9389.274414 -1875.925537 -5844.129883
272707572
0
-1
0
-9171.703125 -1860.228882 -5680.322266
-8999.227539 -1860.228882 -5645.074707
272707660
-9371.898438 -1860.228882 -5721.235352
272707660
0
-1
0
-9108.646484 -1847.231689 -5350.497070
-8930.208008 -1847.231689 -5366.870605
272707924
-9315.763672 -1847.231689 -5331.491211
272707924
0
-1
0
-9125.427734 -2215.007813 -5351.553223
-8947.531250 -2215.007813 -5369.986328
272708012
-9331.914063 -2215.007813 -5330.157715
272708012
0
-1
0
-9071.919922 -2217.009277 -5137.778809
-8888.899414 -2217.009277 -5166.167480
272708100
-9284.354492 -2217.009277 -5104.827637
272708100
0
-1
0
-9046.782227 -2217.511230 -4997.398438
-8864.378906 -2217.511230 -5062.737305
272708188
-9258.501953 -2217.511230 -4921.558105
272708188
0
-1
0
-8992.597656 -2234.409668 -4495.708008
-8764.340820 -2234.409668 -4511.581055
272708276
-9257.541016 -2234.409668 -4477.283691
272708276
0
-1
0
-8907.605469 -2234.106445 -4172.470703
-8759.366211 -2234.106445 -4265.681152
272917236
-9079.669922 -2234.106445 -4064.279785
272917236
0
-1
0
-8658.084961 -2206.103516 -3973.103516
-8574.811523 -2206.103516 -4095.051514
272917764
-8754.742188 -2206.103516 -3831.557129
272917764
0
-1
0
-8396.083984 -2223.294189 -3816.026611
-8295.107422 -2223.294189 -3947.374023
272916708
-8513.288086 -2223.294189 -3663.570068
272916708
0
-1
0
-8149.377930 -2220.282227 -3812.488281
-8196.722656 -2220.282227 -3952.458008
272917324
-8094.424805 -2220.282227 -3650.024170
272917324
0
-1
0
-8017.514648 -2220.569336 -3817.786621
-8039.566406 -2220.569336 -3967.775146
272915828
-7991.917969 -2220.569336 -3643.692871
272915828
0
-1
0
-7826.079102 -2230.154297 -3831.274170
-7799.826660 -2230.154297 -3994.719727
272917852
-7856.550293 -2230.154297 -3641.560547
272917852
0
-1
0
-7639.430664 -2270.931641 -3793.023438
-7548.705078 -2270.931641 -3912.098145
272915212
-7744.736328 -2270.931641 -3654.811523
272915212
0
-1
0
-7493.350586 -2332.604004 -3709.646973
-7361.949219 -2332.604004 -3807.549561
272915916
-7645.869629 -2332.604004 -3596.010254
272915916
0
-1
0
-7411.736816 -2371.681641 -3577.228760
-7251.438477 -2371.681641 -3629.329834
272917148
-7597.797363 -2371.681641 -3516.754395
272917148
0
-1
0
-7394.948242 -2417.757813 -3476.860596
-7229.648438 -2417.757813 -3509.496582
272916796
-7586.813965 -2417.757813 -3438.979492
272916796
0
-1
0
-7436.237305 -2448.433105 -3340.113770
-7276.605469 -2448.433105 -3253.856689
272916884
-7621.524414 -2448.433105 -3440.233398
272916884
0
-1
0
-7568.180176 -2454.714111 -3239.740723
-7491.992188 -2454.714111 -3094.315186
272915300
-7656.612793 -2454.714111 -3408.538330
272915300
0
-1
0
-8020.658203 -2459.796631 -3158.812988
-8028.897949 -2459.796631 -2959.421387
272915564
-8011.094238 -2459.796631 -3390.249268
272915564
0
-1
0
-8280.726563 -2469.578125 -3221.570313
-8321.889648 -2469.578125 -3012.159180
272917500
-8232.949219 -2469.578125 -3464.637207
272917500
0
-1
0
-8503.772461 -2498.154785 -3206.093750
-8528.831055 -2498.154785 -2984.489746
272915388
-8474.686523 -2498.154785 -3463.312988
272915388
0
-1
0
-8809.297852 -2470.333984 -3038.986328
-8687.804688 -2470.333984 -2834.416504
272917588
-8950.317383 -2470.333984 -3276.433350
272917588
0
-1
0
-8986.074219 -2460.309082 -2919.424561
-8908.438477 -2460.309082 -2795.391602
272916092
-9076.185547 -2460.309082 -3063.391357
272916092
0
-1
0
-9379.330078 -2429.686523 -2570.824219
-9263.291992 -2429.686523 -2479.121338
272915476
-9514.015625 -2429.686523 -2677.264893
272915476
0
-1
0
-9618.923828 -2417.958984 -2339.397461
-9483.945313 -2417.958984 -2182.271729
272917412
-9775.597656 -2417.958984 -2521.775635
272917412
0
-1
0
-9730.886719 -2428.826172 -2190.873047
-9253.665039 -2428.826172 -1710.762451
272915652
-10284.806641 -2428.826172 -2748.144531
272915652
0
-1
0
-9875.880859 -2466.586914 -2019.600586
-9190.051758 -2466.586914 -1353.596191
272916180
-10671.933594 -2466.586914 -2792.641602
272916180
0
-1
0
-10056.269531 -2451.749756 -1867.702271
-9242.118164 -2451.749756 -1102.274048
272917676
-11001.265625 -2451.749756 -2756.145752
272917676
0
-1
0
-10241.873047 -2423.515869 -1668.482666
-9636.140625 -2423.515869 -1070.288086
272915124
-10944.955078 -2423.515869 -2362.815918
272915124
0
-1
0
-10427.722656 -2409.278564 -1466.904175
-10260.415039 -2409.278564 -1305.616821
272915740
-10621.917969 -2409.278564 -1654.112793
272915740
-1
-1
-1
-1
-1
-1
-1
-1
-1
-1
-1
-1
-1
-1
-1
-1
-1
-1
-1
-1
-1
-1
-1
-1
-1
-1
-1
-1
-1
-1
-1
-1
-1
-1
-1
-1
-1
-1
-1
-1
-1
-1
1
-1
1
-6213.119141 -1740.887939 -6559.032227
-5980.193359 -1740.887939 -6084.630859
272916004
-6483.479980 -1740.887939 -7109.676270
272916004
0
-1
0
-6365.358398 -1763.489014 -6461.711914
-6184.940918 -1763.489014 -6088.624512
272916268
-6574.771973 -1763.489014 -6894.759766
272916268
0
-1
0
-6509.088867 -1729.986328 -6358.066406
-6357.651367 -1729.986328 -6118.895508
272916972
-6684.863770 -1729.986328 -6635.676270
272916972
0
-1
0
-6607.562988 -1731.786743 -6263.083984
-6393.687988 -1731.786743 -6148.348145
272916356
-6855.811035 -1731.786743 -6396.259277
272916356
0
-1
0
-6710.731445 -1741.387451 -6061.508789
-6511.125488 -1741.387451 -5955.139160
272917060
-6942.416992 -1741.387451 -6184.973633
272917060
0
-1
0
-6876.056641 -1740.788818 -5816.868164
-6734.581055 -1740.788818 -5761.205078
272916444
-7040.270020 -1740.788818 -5881.478027
272916444
0
-1
0
-7112.338379 -1741.690308 -5618.604492
-6994.163086 -1741.690308 -5522.087891
272916532
-7249.506348 -1741.690308 -5730.632813
272916532
0
-1
0
-7371.508789 -1777.493042 -5535.307617
-7299.688477 -1777.493042 -5393.168945
272916620
-7454.871094 -1777.493042 -5700.291016
272916620
0
-1
0
-7701.307617 -1806.594971 -5476.516602
-7622.096191 -1806.594971 -5350.148438
272918204
-7793.249512 -1806.594971 -5623.193359
272918204
0
-1
0
-7997.042969 -1908.598511 -5387.084473
-7893.992676 -1908.598511 -5284.958008
272918820
-8116.654297 -1908.598511 -5505.624023
272918820
0
-1
0
-8038.865234 -1892.500732 -5359.865234
-7891.564453 -1892.500732 -5260.891113
272918908
-8209.839844 -1892.500732 -5474.746094
272918908
0
-1
0
-8084.867676 -1881.403198 -5336.279785
-7971.576660 -1881.403198 -5230.730957
272918380
-8216.366211 -1881.403198 -5458.791504
272918380
0
-1
0
-8495.546875 -1928.108643 -5073.992188
-8397.865234 -1928.108643 -4959.626953
272918292
-8608.925781 -1928.108643 -5206.737305
272918292
0
-1
0
-8505.380859 -2217.415039 -5108.631836
-8407.376953 -2217.415039 -4973.470703
272918116
-8619.135742 -2217.415039 -5265.514648
272918116
0
-1
0
-8632.531250 -2217.239014 -4962.175781
-8574.943359 -2217.239014 -4781.954102
272918996
-8699.375000 -2217.239014 -5171.362305
272918996
0
-1
0
-8766.114258 -2259.861328 -4837.237305
-8750.092773 -2259.861328 -4531.194824
272919084
-8784.710938 -2259.861328 -5192.465820
272919084
0
-1
0
-8873.914063 -2226.488037 -4777.375488
-8808.621094 -2226.488037 -4351.073730
272917940
-8949.700195 -2226.488037 -5272.189941
272917940
0
0
108
1
-1
-1
-1
-1
-1
-1
-1
-1
-1
-1
-1
-1
-1
-1
-1
-1
-1
-1
-1
-1
-1
-1
-1
-1
-1
-1
-1
-1
-1
-1
-1
-1
-1
-1
-1
-1
-1
-1
-1
-1
-1
-1
-1
-1
-1
-1
-1
-1
-1
-1
-1
-1
-1
-1
-1
-1
-1
-1
-1
-1
-1
-1
-1
-1
-1
-1
-1
-1
-1
-1
-1
-1
-1
-1
-1
-1
-1
-1
-1
-1
-1
-1
-1
-1
-1
-1
-1
-1
-1
-1
-1
-1
-1
-1
-1
-1
-1
-1
-1
-1
-1
-1
-1
-1
-1
-1
-1
-1
