31
-1.167659 -109.800003 -11.369362
3.236522 -109.800003 149.721420
260418796
-5.571839 -109.800003 -172.460144
260418796
0
-1
0
-2620.520020 -202.599030 -116.454315
-2672.551025 -202.599030 33.110229
260420956
-2568.489014 -202.599030 -266.018860
260420956
0
-1
0
-3741.342773 -43.201283 -560.440063
-4179.137695 -43.201283 -570.658569
260421196
-3303.547852 -43.201283 -550.221558
260421196
0
-1
0
-3300.041504 -109.599899 -1266.953857
-3536.403076 -109.599899 -1294.662598
260421076
-3063.679932 -109.599899 -1239.245239
260421076
0
-1
0
-3325.542969 -79.998260 -2151.966309
-3491.643311 -79.998260 -2211.964600
260418916
-3159.442383 -79.998260 -2091.968262
260418916
0
-1
0
-2908.582520 -102.896683 -2690.764404
-2946.425537 -102.896683 -2873.578613
260421316
-2870.739258 -102.896683 -2507.950195
260421316
0
-1
0
-2150.699219 -170.295807 -2790.809570
-2132.060547 -170.295807 -3043.384766
260421556
-2169.338135 -170.295807 -2538.234619
260421556
0
-1
0
-917.941040 -109.794022 -2210.664551
-876.772705 -109.794022 -2417.167480
260421676
-959.109314 -109.794022 -2004.161377
260421676
0
-1
0
-256.295868 -109.889450 -2337.941406
-417.217255 -109.889450 -2711.328369
260418076
-95.374496 -109.889450 -1964.554199
260418076
0
-1
0
131.982788 -109.384872 -2950.300781
-323.093872 -109.384872 -2899.899414
260418196
587.059448 -109.384872 -3000.702393
260418196
0
-1
0
-133.076401 -109.881439 -3503.037598
-361.302887 -109.881439 -2990.945557
260421796
95.150085 -109.881439 -4015.129883
260421796
0
-1
0
-469.753601 -107.477997 -3580.947754
-493.499634 -107.477997 -3425.888428
8821620
-446.007599 -107.477997 -3736.007080
8821620
0
-1
0
-994.427856 -120.474533 -3531.645020
-1082.967896 -120.474533 -3394.218750
8823780
-905.887756 -120.474533 -3669.071289
8823780
0
-1
0
-1410.161377 -89.670876 -3780.480957
-1543.435791 -89.670876 -3662.857178
8821140
-1276.886963 -89.670876 -3898.104736
8821140
0
-1
0
-1949.559204 -256.256683 -4886.364258
-2082.958008 -256.256683 -4766.116211
8821860
-1816.160400 -256.256683 -5006.611816
8821860
0
-1
0
-2306.861328 -317.450897 -5044.037109
-2297.170410 -317.450897 -4855.873535
8821740
-2316.552246 -317.450897 -5232.200684
8821740
0
-1
0
-3072.266357 -438.158264 -4972.310547
-3064.372070 -438.158264 -4846.864746
8820420
-3080.160645 -438.158264 -5097.756836
8820420
0
-1
0
-4661.979980 -506.236725 -4690.700195
-4949.872070 -506.236725 -4422.541504
8820300
-4374.088867 -506.236725 -4958.860352
8820300
0
-1
0
-5769.056641 -1429.441162 -6266.207031
-5979.651855 -1429.441162 -6028.326172
8822940
-5558.460938 -1429.441162 -6504.087891
8822940
0
-1
0
-6281.142090 -1740.787842 -6697.578125
-5785.195801 -1740.787842 -5687.482422
8822580
-6777.088379 -1740.787842 -7707.673340
8822580
0
-1
0
-6734.228516 -1731.486816 -6366.111328
-5322.162598 -1731.486816 -5086.623047
8822220
-8146.294434 -1731.486816 -7645.600098
8822220
0
-1
0
-7027.748047 -1740.788818 -5937.305664
-5551.837891 -1740.788818 -4449.115234
8823180
-8503.658203 -1740.788818 -7425.496094
8823180
0
-1
0
-7708.045410 -1777.493042 -5889.635742
-6520.115234 -1777.493042 -4674.453613
8821980
-8895.975586 -1777.493042 -7104.817383
8821980
0
-1
0
-8035.048828 -1908.598511 -5424.744141
-6789.146973 -1908.598511 -4190.034668
8822700
-9280.950195 -1908.598511 -6659.453125
8822700
0
-1
0
-8533.615234 -1928.108643 -5104.486328
-7628.975586 -1928.108643 -4379.816406
8820540
-9438.253906 -1928.108643 -5829.156738
8820540
0
-1
0
-8992.828125 -2234.409668 -4495.692871
-8769.303711 -2234.409668 -4511.235352
8820660
-9216.353516 -2234.409668 -4480.150391
8820660
0
-1
0
-8396.185547 -2223.294189 -3815.896484
-8298.284180 -2223.294189 -3943.242920
8822460
-8494.087891 -2223.294189 -3688.550293
8822460
0
-1
0
-7411.896484 -2371.681641 -3577.177246
-7249.153809 -2371.681641 -3562.323486
8820780
-7574.639160 -2371.681641 -3592.031006
8820780
0
-1
0
-8503.744141 -2498.154785 -3206.347656
-8529.539063 -2498.154785 -2978.241699
8820900
-8477.948242 -2498.154785 -3434.453369
8820900
0
-1
0
-9616.780273 -2418.059082 -2336.902344
-9493.499023 -2418.059082 -2193.394287
8821020
-9740.061523 -2418.059082 -2480.410156
8821020
0
-1
0
-10421.969727 -2423.375000 -1488.816040
-10260.444336 -2423.375000 -1306.850220
8821260
-10583.495117 -2423.375000 -1670.781860
8821260
-1
-1
-1
-1
-1
-1
-1
-1
-1
-1
-1
-1
-1
-1
-1
-1
-1
-1
-1
-1
-1
-1
-1
-1
-1
-1
-1
-1
-1
-1
-1
