22
-11249.557617 -2435.342285 -774.012451
-11112.625000 -2435.342285 -626.887268
266595148
-11386.490234 -2435.342285 -921.137573
266595148
0
-1
0
-12277.113281 -2435.042480 -162.680588
-12303.174805 -2435.042480 195.633087
266595676
-12251.050781 -2435.042480 -520.994263
266595676
0
-1
0
-14077.072266 -2435.342285 -2114.978027
-15487.046875 -2435.342285 -86.582764
266594972
-12667.097656 -2435.342285 -4143.373535
266594972
0
-1
0
-17205.931641 -2435.442383 -1689.557007
-17080.820313 -2435.442383 -1479.264404
266595236
-17331.042969 -2435.442383 -1899.849609
266595236
0
-1
0
-18848.339844 -2227.640137 -497.311340
-18251.074219 -2227.640137 -266.742920
266596996
-19445.605469 -2227.640137 -727.879761
266596996
0
-1
0
-19151.150391 -2217.138672 -211.176804
-18383.638672 -2217.138672 -127.165863
266597084
-19918.662109 -2217.138672 -295.187744
266597084
0
-1
0
-18395.640625 -2177.635498 138.432068
-18123.794922 -2177.635498 -48.855164
266596468
-18667.486328 -2177.635498 325.719299
266596468
0
-1
0
-16554.919922 -1919.319336 316.593750
-16096.422852 -1919.319336 232.662750
266596908
-17013.417969 -1919.319336 400.524780
266596908
0
-1
0
-16965.205078 -2106.630859 1061.107300
-16816.021484 -2106.630859 1142.389771
266595764
-17114.388672 -2106.630859 979.824829
266595764
0
-1
0
-17536.705078 -2371.253662 2011.803345
-17281.052734 -2371.253662 2163.720459
266596556
-17792.357422 -2371.253662 1859.886230
266596556
0
-1
0
-18263.656250 -2551.741699 2317.355957
-18160.468750 -2551.741699 3058.720215
266596116
-18366.845703 -2551.741699 1575.991699
266596116
0
-1
0
-18825.574219 -2568.044922 1917.129883
-19059.806641 -2568.044922 2077.584961
266597172
-18591.339844 -2568.044922 1756.674927
266597172
0
-1
0
-19714.214844 -2671.946289 1009.568726
-19848.414063 -2671.946289 1220.486938
266595060
-19580.013672 -2671.946289 798.650452
266595060
0
-1
0
-20592.818359 -2830.848145 876.813232
-20803.521484 -2830.848145 1143.885010
266596644
-20382.115234 -2830.848145 609.741455
266596644
0
-1
0
-21330.664063 -3032.752930 275.049622
-21613.984375 -3032.752930 272.288818
266597260
-21047.343750 -3032.752930 277.810425
266597260
0
-1
0
-21283.955078 -3074.360352 -655.181885
-21552.810547 -3074.360352 -743.321045
266596732
-21015.099609 -3074.360352 -567.042786
266596732
0
-1
0
-21705.712891 -3074.580566 -1882.079590
-21776.503906 -3074.580566 -1598.825928
266596820
-21634.921875 -3074.580566 -2165.333252
266596820
0
-1
0
-23301.787109 -3198.215332 -1801.891479
-23159.974609 -3198.215332 -1566.206421
266594532
-23443.599609 -3198.215332 -2037.576538
266594532
0
-1
0
-23341.974609 -3239.047363 -1080.509155
-23063.244141 -3239.047363 -1320.977417
266595412
-23620.705078 -3239.047363 -840.040833
266595412
0
-1
0
-22730.486328 -3284.167480 -814.373657
-22426.140625 -3284.167480 -913.533752
266594620
-23034.832031 -3284.167480 -715.213562
266594620
0
-1
0
-22671.921875 -3285.986084 225.652832
-22334.707031 -3285.986084 335.921234
266594796
-23009.138672 -3285.986084 115.384415
266594796
0
-1
0
-23142.125000 -3285.698730 774.418701
-22929.613281 -3285.698730 1051.065918
266594884
-23354.636719 -3285.698730 497.771454
266594884
-1
-1
-1
-1
-1
-1
-1
-1
-1
-1
-1
-1
-1
-1
-1
-1
-1
-1
-1
-1
-1
-1
